9 0.984541325661303 0.7830805006156061 0.7040581422823503 0.746093707202997 0.4984820243492655 0.7023086607783526 0.44916004432848317 0.6878729593088554 0.43522850424384046 0.6779115538524824 0.4278342421354967 0.6046009209834332 0.45110581305635017 0.602819177568844 0.47141212933344634 0.6062464382487659 0.47573334448427906 0.6080983875991227 0.47943724318499276 0.6080983875991227 0.48854266082424735 0.6107734255496382 0.4959504582256748 0.6122138305999157 0.49739231823764685 0.6130806210747599 0.5006504102867563 0.6137194626530166 0.5023752825480494 0.6144860725469247 0.5068791156747594 0.6151249141251813 0.507549899331929 0.6172969754912543 0.5124370374055931 0.6172969754912543 0.5145452146138403 0.6192135002260245 0.5201989625814125 0.6194690368573271 0.5224029660263982 0.6213855615920975 0.5287274976511399 0.6217688665390514 0.5299732387287406 0.6230465496955648 0.5328480258308959 0.6236853912738216 0.5389809049821604 0.6238131595894729 0.5432930856353935 0.6258574526398947 0.5492343123131811 0.6258574526398947 0.5559763262704723 0.6294953743377728 0.5591649442979463 0.6301756128503004 0.5647769120263004 0.6322163283878839 0.5762559369252066 0.631706149503488 0.5782913835903613 0.634918046993457 0.592296750552435 0.6376568743104848 0.5973386826587815 0.6393997644213206 0.6697607731017043 0.6570793283395057 0.7041056526991271 0.6600147881341571 0.7168749028058612 0.6600147881341571 0.7173152217750589 0.6717566273127632 0.873644483450731 0.6928106255979423 0.9656551204025774 0.6979605375524831 0.9996936274509803 0.6885670662095984 0.9996936274509803 0.7865028113385566
16 0.8343599353516594 0.7641206822915645 0.8394769203022033 0.7707149865102634 0.9996936274509803 0.8446372614982713 0.9996936274509803 0.8540924362060398 0.8375429072937963 0.7767319158697525 0.8252941582405506 0.7646980571507744
16 0.0 0.7303879459109149 0.5266214871604836 0.7344975896234271 0.6402237812134977 0.7362588655002181 0.6704929083160377 0.7405377928676601 0.0 0.7350846815823574
16 0.263205699511529 0.6739361368646252 0.28952343616390264 0.6591957245513218 0.29493682421496414 0.660799691381266 0.2666669088371987 0.6772403513881935
17 0.0 0.6585826213590495 0.10680205877567894 0.6440487839864222 0.10958732802257272 0.6459292391543814 0.0 0.6603902473882878
17 0.0 0.6700419601117075 0.09864396004156373 0.6718636278266921 0.30402370557478414 0.6237453663831467 0.30525833847502204 0.6253915435834639 0.09827423162606878 0.6754648381994224 0.0 0.673355941165311
9 0.0 0.6279708546251263 0.021104822054370122 0.6267321088694732 0.2821231655979483 0.6083803808871525 0.2900107062584882 0.6072816190040922 0.38693138610300293 0.5888476374373863 0.38965558911885484 0.5885881895311149 0.39237979213470675 0.5880692937185716 0.39237979213470675 0.5887179134842507 0.3883907805757807 0.5897557051093372 0.3791479489148544 0.5919610123126459 0.27627747999623337 0.6130276595143697 0.0 0.638841051912606
2 0.0 0.6363191313375804 0.021832310624866277 0.6339298794930853 0.28174419458527 0.6111527099794447 0.2964161974587489 0.6092534215815834 0.38634416270569055 0.5899635865018465 0.3893955852128272 0.5892782515009798 0.39228518626892733 0.5887074661071822 0.39228518626892733 0.589706340546328 0.3866130064180642 0.5908479113339231 0.29232317325630336 0.6115954459133182 0.2767790679947806 0.6138844581577482 0.0 0.6439324499144569
17 0.00014244662983960098 0.6485193700817705 0.06023663579905879 0.6416588851243352 0.04599212071743433 0.6447996137545592 0.0 0.6507985161592041
11 0.3873435382956808 0.5865496619067025 0.3869010062130242 0.5856801251828859 0.3869498461409254 0.5839238907808406 0.38759197970894765 0.583638498083942 0.38773948805384734 0.5829783503624557 0.3879130464929588 0.5826396236447963 0.3882053112987491 0.5823883075855801 0.38866220232231813 0.5824969272963468 0.3888807550038566 0.5829783503624557 0.38876922458365515 0.583638498083942 0.38919731362900334 0.5844946761746384 0.3892914049170254 0.586137053544347 0.3892914049170254 0.5878913970127501 0.38916024895079765 0.5884129548863095 0.38895062849059187 0.5894067111420999 0.3881354378120138 0.5895930404400606 0.3880189820007884 0.5882266255883488 0.38743670294466115 0.5876055279284798
11 0.3892207826814726 0.5851757007184233 0.3897477918095922 0.5847623602257804 0.389405545881684 0.5837682763409745 0.3895930991302207 0.5831681059456572 0.3901173039712886 0.5830337601162173 0.3904298036224529 0.5831089982552092 0.3906778079180386 0.5832743344522663 0.39083281060277963 0.583977013289759 0.39055380577024573 0.584845028324309 0.3913936103161728 0.5850686455308288 0.39120605706763617 0.5878194265093668 0.3904558440734895 0.5890697814996113 0.3898485398826783 0.5891907348412653 0.3892183409359805 0.5886112415569454 0.38907210164415046 0.5864676550675
36 0.38802856878661157 0.5896533153554735 0.3881631482806589 0.565677816543605 0.38923337089402926 0.565677816543605 0.38922496889041996 0.58930272191846
36 0.3919102090359237 0.5956788735186507 0.3924418282687732 0.5657309900681333 0.39177730422771145 0.5656423868626583 0.39177730422771145 0.5644905451914846 0.393505066734472 0.5648449580133842 0.39270763788519786 0.5958560799296004
36 0.3962653694203837 0.5947176359076543 0.3961769212705184 0.5970762532373962 0.397149850919037 0.5969583223709091 0.39723829906890223 0.5945997050411671
5 0.39841765241026983 0.5951324201739595 0.3983921777702685 0.5885221230338743 0.39489731053703603 0.5884555541341936 0.39487972641565694 0.5950252102953348
2 0.4345503468734478 0.6763069156713275 0.44540152131567445 0.6847186788048366 0.47075736248615035 0.6928040655287654 0.533353497844158 0.7094963682909006 0.5852624881410423 0.7217102483607558 0.7077066358413405 0.7457308791648043 0.9043501049660083 0.7717871566471618 0.9996936274509803 0.7835939073813551 0.9996936274509803 0.7880723300736355 0.8827467513293907 0.7730085446541475 0.7612186446343314 0.7579447592346595 0.7032027143025197 0.7481736551787754 0.5816720840785204 0.724085730269659 0.5370056218395874 0.713991614509448 0.4648326941540802 0.694476324039707 0.44868210893774296 0.689765736684942 0.4342979939794425 0.6810175030260927
36 0.35171209236153955 0.5757922581561031 0.3519368147846363 0.5436139568815221 0.3529353482798456 0.5436744740630499 0.35287960793976175 0.57527336234356
49 0.338350066076691 0.5766489157154105 0.3357223519516012 0.5765588594173657 0.33581964491645305 0.575131895932872 0.3623460852708135 0.5746919522482743 0.3632775930902755 0.575235081152653 0.36468111642725803 0.575600019920225 0.36398586094810015 0.6207895384785503 0.36281834536987795 0.6214381582442293 0.36194270868621126 0.6194922989471923 0.35999684938917415 0.6193625749940564 0.3587320408461 0.6185842312752416 0.33810884384978557 0.5992702001052082
49 0.2910877556963486 0.6191323685284458 0.2905697679514773 0.6160244420592181 0.29005178020660605 0.6063553374882876 0.2917352403774377 0.5965135703357335 0.29367769442070496 0.5906430425605257 0.2976920994434573 0.5813192631528428 0.2998032909600963 0.5794599145626412 0.30857800335821567 0.5792509928388765 0.3096748424079806 0.5740279497447577 0.32738095849704296 0.574654714916052 0.328791180132455 0.5782063842200527 0.30638745908454224 0.6148825928269541 0.30215679417830604 0.6142558276556599 0.3020001028854825 0.6167628883408369 0.30058988125007047 0.6184342621309549 0.2988662770290113 0.6173896535121312 0.29745605539359926 0.6146736711031894 0.2960458337581872 0.6140469059318951 0.29541906858689293 0.6140469059318951 0.2951056860012458 0.6173896535121312 0.29416553824430447 0.6201056359210728 0.29197186014477466 0.6203145576448376
36 0.27962951913627226 0.5690044146076413 0.27970261678078906 0.570661294550022 0.2804637540450611 0.5705851657898457 0.28036646108020924 0.5891356910882659 0.2815339766584315 0.5896545869008092 0.2818224484717761 0.5704663674979772 0.28277271785049446 0.5702714404459325 0.28269962020597766 0.5691018781336638
13 0.28187442349979414 0.5925831041560417 0.281339312193109 0.5898718735355033 0.281446334454446 0.5878741246572119 0.28208846802246823 0.5860190721273698 0.28283762385182754 0.5847348049913254 0.28315869063583865 0.5831651451583821 0.284014868726535 0.582023574370787 0.28493983356200053 0.5815874877137408 0.2857238061408839 0.581752534572453 0.2863427318610549 0.5823026907681607 0.28658340299862395 0.5837359305521796 0.2870114920439721 0.5851628940366735 0.2880817146573425 0.5858763757789205 0.28883087048670175 0.5881595173541107 0.28883087048670175 0.5910134443230984 0.28904491500937585 0.5937246749436368 0.2889378927480388 0.5974347800033208 0.2880817146573425 0.597862869048669 0.2876536256119943 0.5951516384281306 0.286904469782635 0.6001460106238592 0.2872255365666462 0.6044269010773408 0.28664071646232997 0.6076199386276714 0.2860405460670126 0.6065196262362562 0.28583424716926464 0.6018583668052517 0.2849780690785683 0.6002887069723085 0.2834637040806492 0.5991171699515391 0.282176949147157 0.5995676524904966 0.28105162965593694 0.6021683908702054 0.2810141190062296 0.5980672265022032 0.28165074697359976 0.5963545686455589
47 0.28658821457797656 0.6073185069581712 0.2864997664281112 0.6100309168873744 0.28632287012838054 0.6117998798846809 0.28588062937905395 0.6129791885495519 0.2851730441801314 0.6138047046149616 0.28472195861581817 0.6123895342171165 0.2845273726861145 0.6112220186388942 0.28433278675641077 0.6087572635293138 0.28335985710789224 0.608627539576178 0.28326256414304035 0.610054503060672 0.2830679782133367 0.6114814665451658 0.2825815133890774 0.6129084300296597 0.28160858374055886 0.6139462216547461 0.28053836112718844 0.6116111904983016 0.28053836112718844 0.6081086437636348 0.28073294705689217 0.6046060970289681 0.28102482595144773 0.6018818940131162 0.2817058767054107 0.6001954826223507 0.28209504856481815 0.5995468628566717 0.28238692745937366 0.5964334879814123 0.28238692745937366 0.5943579047312394 0.28053836112718844 0.5943579047312394 0.28053836112718844 0.5928012172936097 0.28832179831533683 0.5930606651998813 0.28832179831533683 0.5946173526375109 0.2845273726861145 0.5947470765906469 0.2840409078618552 0.5960443161220049 0.28418459414079306 0.5997346499029939 0.2849834209369605 0.6001340633010775 0.2857822477331279 0.6011325967962867 0.2860818077816907 0.6030630948870247 0.2860504940508703 0.6051661153346553 0.286245079980574 0.6067228027722849
44 0.27663251571108366 0.5653008006187903 0.2864276000763342 0.5655931911968575 0.2864276000763342 0.569686659289798 0.27663251571108366 0.5691018781336638
49 0.22390250443193407 0.575738131255571 0.2285562358287938 0.5672350170983459 0.23823439251680414 0.5656683782607419 0.24748124454817874 0.5658827980179911 0.24756165195714722 0.564167439959997 0.25134080017866556 0.5640602300813723 0.25142120758763403 0.5663116375324896 0.26283905966115745 0.5668476869256128 0.2719250968745951 0.5674909461973606 0.27691035623064053 0.5695279338912286 0.2781968747741361 0.5723153907354691 0.2809722973095009 0.5907116410185486 0.2809722973095009 0.6036840363321292 0.2807954010097703 0.6111136809208162 0.28026471211057835 0.6161847081797615 0.27938023061192513 0.6179536711770678 0.2793802306119252 0.6209224101797098 0.2791609376783748 0.6246260241685607 0.27864925416675723 0.627160075845143 0.2776989847880389 0.6286220287354789 0.27667561776480376 0.6294017369436581 0.27506746958543427 0.6296941275217253 0.2731669308279976 0.6286220287354789 0.27236285673831284 0.6253082688507176 0.2718511732266953 0.6218970454399337 0.26761150984472115 0.6219945089659561 0.26761150984472115 0.623943779486404 0.2672460216221372 0.6265752946890086 0.2672460216221372 0.62988905457377 0.2668074357550364 0.6321307156722852 0.2656378734427677 0.6326180333023971 0.263737334685331 0.6325205697763746 0.2606672336156256 0.6324231062503523 0.2594245736588401 0.6305712992559268 0.2589859877917393 0.6249184147466279 0.2524687735860865 0.6241335848301565 0.2399899779141876 0.6236626868802735 0.23987225342671686 0.6255462786798054 0.2389304575269509 0.6283716663791031 0.23716459021488978 0.6296273942454579 0.23445692700306267 0.6286855983456919 0.23339740661582595 0.6263311085962769 0.2331619576408845 0.6241335848301565 0.22456807005552015 0.6236626868802735 0.22456807005552015 0.6264880745795713 0.22386172313069566 0.6286855983456919 0.2229199272309297 0.6313540200616954 0.22056543748151483 0.6324527819447556 0.217269151832334 0.6327667139113443 0.21710360088419733 0.585946840310233
52 0.057198486678463445 0.465066135741003 0.058658379453700546 0.4450447491091798 0.1721129037006989 0.45005009576713556 0.22850171263169922 0.48322770118787256 0.22334653462571966 0.592227899377258 0.22284182883770912 0.5986208393587249 0.21905653542763004 0.5986208393587249 0.21927228234285062 0.6064096732843149 0.2194446427649565 0.6254842266640364 0.21927228234285062 0.6390432465363683 0.21427383010177903 0.6385836187440859 0.2139291092575672 0.6413413854977805 0.21255022588071987 0.6457078495244637 0.2085859361722838 0.6468569190051696 0.2053110881522714 0.6443289661476163 0.2032427630870004 0.6470867329013109 0.20014027548909388 0.6491550579665819 0.1942800211374928 0.6489252440704407 0.18611205481172877 0.649563206986501 0.17900029143521656 0.6510926184653208 0.1739532335551111 0.6480337955076813 0.17188852805870433 0.6382455620432343 0.1608767654112016 0.6382455620432343 0.1606473536893786 0.6431396787754577 0.1599591185239097 0.6498690892822651 0.15743558958385698 0.6575161466763642 0.15307676686922048 0.6611867342255318 0.1452841034309271 0.6603864084927803 0.13826112239076038 0.658350761814471 0.13551299937504296 0.6559079858005 0.13276487635932555 0.6498010457655724 0.13032210034535452 0.6416584590523357 0.10436760519691234 0.6477653990872634 0.10009274717246303 0.6436941057306449 0.06772596498734687 0.643286976394983 0.06790973882202495 0.6473603307852984 0.05819487866696423 0.6481960176803574 0.05703563058777583 0.6507030783655342 0.0556254089523638 0.6532101390507111 0.053745113438481075 0.6563439649071823 0.05186481792459835 0.6588510255923593 0.048417609482480035 0.6603134776587125 0.04465701845471459 0.660731321106242 0.040426353548478476 0.6596867124874183 0.03619568864224236 0.6575974952497708 0.03180833244318268 0.6542547476695348 0.0297713456364764 0.6502852349180047 0.02930127175800572 0.6423462094149444 0.02522729814459316 0.6431818963100033 0.024443841680475357 0.6400480704535321 0.013945525061296838 0.6383766966634141 0.01343271719387428 0.6341792693041407 0.014672002873478796 0.5885963477554688 0.018090721989629195 0.5880265612361103 0.020939654586421195 0.5863172016780351 0.022649014144496396 0.5817589095231679 0.017093595580751995 0.5802394788048787 0.018032668577871218 0.5508624656097476 0.020853111848695295 0.5496089352671593 0.020853111848695295 0.541460988040334 0.019442890213283257 0.5412520663165693 0.019129507627636138 0.5345665711560974 0.009558168862237156 0.5297613715095083 0.009244786276590035 0.5272543108243313 0.008476163097893548 0.5221075531980931 0.012007897722015859 0.49448154013829193 0.014480111958901478 0.48851683277310753 0.019659989407614202 0.48679020695687 0.023898070956560973 0.4845926831907495 0.027194356605741796 0.480511567625097 0.028422233605265537 0.473405532341503 0.033937767112654844 0.4676601849379725 0.04065982357478556 0.466051487664984 0.04065982357478556 0.4568589318193351 0.047381880036916284 0.45708874571547636 0.0475542404590222 0.46582167376884276
49 0.30566111288337294 0.6359140487507109 0.3050020899225055 0.6275378234561361 0.30528698318218467 0.6094945836764535 0.30656900285074107 0.6091147259968812 0.30656900285074107 0.6007578570462914 0.3095603820773727 0.5956297783720658 0.31198786100901954 0.58701391554904 0.3166968405078493 0.5790086504010296 0.333683573033934 0.5782229949684925 0.3477468288625201 0.5790485110339021 0.3496283622323824 0.5806566592132717 0.35171895486556276 0.5859099432658788 0.3538095474987431 0.5929857952551044 0.35405076972564853 0.5942723137986 0.3553372882691441 0.5940578940413508 0.35525688086017565 0.5930930051337291 0.3580711401740722 0.5930930051337291 0.35959888094447323 0.5939506841627261 0.36016173280725255 0.5960948817352189 0.3600009179893156 0.5981318694290868 0.3570258438574821 0.5982390793077115 0.3581515475830407 0.5990967583367085 0.3584731772189146 0.6010265361519519 0.3578299179471668 0.6031707337244446 0.3585985082472738 0.6073450146746219 0.35836305927233225 0.6150363478560437 0.3587522311317397 0.623650018344261 0.35865493816688787 0.6293578722822365 0.35855764520203603 0.63234152320436 0.3573901296238137 0.6329901429700391 0.35622261404559147 0.6328604190169033 0.35524968439707294 0.6324712471574958 0.35437404771340625 0.6341576585482613 0.35349841102973956 0.635065726220212 0.3524281884163692 0.6353251741264836 0.35126067283814694 0.6358440699390268 0.349898571330221 0.634417106454533 0.34863376278714686 0.6298767680947797 0.31840649127896586 0.6299874069174561 0.31847294368307205 0.6314050582050547 0.31840649127896586 0.6326455030817033 0.31840649127896586 0.633838465500538 0.3175308545952992 0.634487085266217 0.3158768741928176 0.6347465331724886 0.31441747972003986 0.6335790175942664 0.31354184303637317 0.6300764708595997 0.31169327670418795 0.6300764708595997 0.31169327670418795 0.6321520541097725 0.31120681187992866 0.6359140487507109 0.3101365892665583 0.6369518403757973 0.3085799018289286 0.6373410122352047 0.3069259214264471 0.6369518403757973
0 0.3872289416585695 0.5974325079893752 0.38711910297409646 0.5943570248241307 0.38635023218278536 0.5945034764034282 0.3864600708672583 0.5974325079893752
5 0.3841904851138608 0.5863684646249872 0.38689942560515045 0.5867415427006679 0.387283861000806 0.5945767021930768 0.3838688554779868 0.5944092055218345
13 0.36230460871600306 0.6517146672697568 0.3635995780781812 0.6432542007701927 0.36476505050414165 0.6347937342706286 0.3638585719506169 0.6266785929343119 0.3642470627592703 0.6159735128736391 0.3638585719506169 0.6071677212108274 0.3637290750143991 0.6012971934356196 0.3626930995246565 0.594736015333917 0.363729075014399 0.5767791068450461 0.3650240443765772 0.5733258552125708 0.36618951680253753 0.5715992293963333 0.3655420321214484 0.5678006526006106 0.3655420321214484 0.5640020758048879 0.36839096471824045 0.5610668119172841 0.37279386054964625 0.5593401861010465 0.37706725944483427 0.559685511264294 0.3775852471897055 0.5626207751518979 0.3774557502534877 0.5665920145292443 0.3774557502534877 0.5684913029271056 0.3813406583400223 0.5709085790698383 0.3832831123832895 0.5741891681206897 0.38496657255412114 0.5835129475283726 0.3849269743174265 0.5855677749460436 0.3849269743174265 0.591989110626266 0.3842848407494042 0.5961273047312983 0.383535684920045 0.5978396609126909 0.3825088919403251 0.6064783551514685 0.38066885820115737 0.6089741142858482 0.38057754991143017 0.6125072845208537 0.38162033046517096 0.6169564815501477 0.3820374426866673 0.6244645015370813 0.38070894026120156 0.6301149817642849 0.3809612931552068 0.6375173333217728 0.380204234473191 0.6429008617272187 0.37742835263913305 0.6425643912018782 0.3754095294870909 0.6402090975244957 0.37389541212305927 0.6213667481054356 0.36935306003096435 0.622712630206797 0.3683436484549433 0.63482556911905 0.36783894266693273 0.6442467438285802 0.3683436484549433 0.6536679185381102 0.3648107079388695 0.654340859588791
47 0.3727662649956332 0.6655097657177409 0.3719282806893641 0.6660706920910999 0.3707628082634038 0.6652073791829812 0.370236647909485 0.6631747345612964 0.370236647909485 0.6586343962015432 0.37047748691467924 0.6533424632021115 0.36976525376548125 0.6465050249698108 0.3673436610582081 0.6436560923730188 0.3679134475775665 0.6377682983396487 0.3691954672461229 0.6284617851901282 0.3700501470251604 0.6202948450793244 0.3706258197688926 0.6153065958541842 0.3710314341393598 0.6080175366514365 0.37101499162829993 0.6058367472752705 0.37028227831000055 0.6050209133339993 0.3689980111739561 0.6034512535010561 0.3685699221286079 0.6020242900165622 0.3692120556966301 0.6003119338351697 0.3754193468541784 0.5998838447898215 0.37702468077423396 0.6014535046227647 0.3762755249448747 0.6045928242886512 0.37467019102481913 0.6057343950762463 0.37467019102481913 0.6081602329998859 0.37509828007016727 0.6188624591335897 0.3751012961520778 0.6254250641987771 0.37529588208178155 0.6311329181367525 0.3754246979672452 0.6389626667761702 0.3758131887758987 0.6437972190616353 0.37594268571211653 0.6489770965103481 0.37387073473263144 0.649667746836843 0.37387073473263144 0.6538116487958132 0.373482243923978 0.658991526244526 0.3729642561791067 0.6636534159483674
36 0.4406896702320448 0.5454548631956689 0.4431967309172217 0.5454548631956689 0.44382349608851596 0.4982385536248365 0.44479213317142524 0.49500976334847224 0.44460695255263377 0.4873746239890697 0.4403762876463977 0.48695678054154024 0.43990621376792705 0.4959404146634243 0.44151586068511445 0.4988083401441949
47 0.43169599680104603 0.7337904302944407 0.4294646516518597 0.7339172821583616 0.4297495449115388 0.7390453608325872 0.42960709828169924 0.7441734395068127 0.42960709828169924 0.7517705930982581 0.4284675252429825 0.7593677466897033 0.4266157190550677 0.7616468927671369 0.4250488061268321 0.7599375332090617 0.42462146623731334 0.7521504507778303 0.4249063594969925 0.7318280649207142 0.42533369938651133 0.7206222633733324 0.4239092330881153 0.7192927614948295 0.4227696600493985 0.7210021210529046 0.4219149802703609 0.7234711959701243 0.42177253364052136 0.7369561435949398 0.4204905139719649 0.7375259301142981 0.42020562071228573 0.7358165705562228 0.41821136789453134 0.7361964282357952 0.41821136789453134 0.7339172821583616 0.42063296060180455 0.7331575667992171 0.42134519375100254 0.7162539000582513 0.4231969999389173 0.7162539000582513 0.4220574269002005 0.7141646828206039 0.42028199917073955 0.714057135615075 0.41777493848556263 0.7240853783557829 0.41526787780038565 0.7203247873280174 0.41626885781218975 0.7135556891439854 0.4170272436694558 0.7087525787146339 0.41873361184830454 0.6576879309920547 0.4213879623487356 0.6538960017057246 0.4183544189196715 0.6544015922772352 0.41873361184830454 0.6465649384188197 0.4248006987064327 0.6473233242760856 0.4265516681579339 0.6164927162747817 0.4367452759583726 0.6152183229851573 0.43265860819286145 0.6470274164494194 0.4349020254205682 0.6693051299322048 0.43616378989059457 0.6952133603834125 0.4452771168526152 0.6945960427123349 0.446272885759842 0.7029415205902638 0.44550084696878955 0.7032886529915812 0.43717320146661565 0.7029521824662408 0.43773933650906466 0.7113586368987488 0.4362225647945326 0.7143921803278129 0.43849772236633067 0.7151505661850789 0.43811852943769763 0.7184369048998983 0.4370986751392694 0.7191407042668141 0.4372163996267402 0.7208673300830517 0.4368525239381943 0.7253583733406135 0.4355877153951202 0.725617821246885 0.4350039576060091 0.7241908577623912 0.43364185609808314 0.7240611338092554 0.43354456313323125 0.7318445709974035
13 0.41059247616032446 0.7344762299826206 0.4083987980607946 0.7313424041261494 0.40965232840338306 0.7254925958607364 0.40792095436615083 0.7238592078385758 0.41025189921807154 0.7195426432979818 0.4046844651116479 0.7126363879661726 0.40866599086229455 0.6949407179632987 0.40866599086229455 0.6732003233883392 0.41018276257682657 0.6706723705307859 0.4105619555054596 0.6600549685290615 0.41226832368430816 0.6598021732433061 0.4103265065305182 0.6367688592819106 0.4062061494690422 0.6392803150146197 0.4066770474189252 0.6433614305802722 0.4050289045943347 0.6455589543463927 0.4029098638198614 0.6469716481960417 0.40020220060803424 0.6454019883630984 0.39714136393379496 0.6377106551816766 0.401732618945154 0.6306471859334319 0.40349848625721507 0.6210722609524781 0.4022035168950369 0.6187177712030634 0.4022035168950369 0.6162063154703541 0.39926040470826835 0.612753063837879 0.3993781291957392 0.5752381938305356 0.40267441484491995 0.5724128061312378 0.40267441484491995 0.5639366430333442 0.40356269961401714 0.5648213603937304 0.40538207805674686 0.5593988991526538 0.40645230067011723 0.5582573283650587 0.40688038971546536 0.5548326160022735 0.40923487946488024 0.5498382438065451 0.40987701303290247 0.5472697095344561 0.41116128016894693 0.5451292643077154 0.41415790348638404 0.5441303898685695 0.4147331622123672 0.5392298477586134 0.4151351992572096 0.5381577489723671 0.4180298659800747 0.5378361193364932 0.41963801415944413 0.5389082181227395 0.421648199383656 0.5407307860593582 0.42333675497199397 0.5406235761807336 0.4232563475630255 0.5353702921281266 0.42148738456571905 0.533226094555634 0.4214069771567506 0.5211113782710506 0.42292342101845365 0.5188927540059595 0.4249169931416389 0.5167662770745618 0.4274421844976736 0.5152600225814885 0.43156223355225665 0.5143739905267395 0.43661261626432607 0.5157916418143379 0.43980233166142263 0.5186269443895349 0.4422610706133511 0.522259675814006 0.4432578566749438 0.5255379944165773 0.4435236662913685 0.5308541867450716 0.4406357179065586 0.5321989087342436 0.4396627882580401 0.5357014554689103 0.44190052644963274 0.5371284189534041 0.44287345609815126 0.5428362728913796 0.4495866706729291 0.5475063352042685 0.4560080063531513 0.5612570742366638 0.4579538656501884 0.569040511424812 0.46116453349029957 0.5805859432538987 0.46213746313881804 0.602120119474442 0.4620401701739662 0.613406103397257 0.4592186741932624 0.6188545094289608 0.45766198675563274 0.6237840196481214 0.4519217018293734 0.6232651238355782 0.4517095731571488 0.6270750621744968 0.450103691104388 0.6402280008923472 0.449874279382565 0.6619456438915886 0.4475801621643353 0.667757407511104 0.4471213387206894 0.6747927003136752 0.4489566324952732 0.6809103462289544 0.4496448676607421 0.6867221098484697 0.450562514548034 0.6931456380595129 0.45033310282621103 0.6989574016790282 0.44555822930943023 0.699747438844922 0.4455154566679286 0.6968162256086806 0.44023898706600023 0.6977338724959725 0.4390919284568853 0.68519269836965 0.4393213401787084 0.6775456409755509 0.4393213401787084 0.6757103472009671 0.4393213401787084 0.6744868180179113 0.4354213409077178 0.6757103472009671 0.434274282298603 0.6653103491449924 0.43840369329141643 0.6576632917508933 0.43779299928792365 0.6432204473918063 0.43260210025823526 0.6285637913079801 0.43366450594199746 0.6171473463831817 0.4265986249098499 0.6188296990098835 0.4283650951678868 0.6396908715809858 0.4258415662278341 0.6396908715809858 0.4258415662278341 0.6470932231384737 0.42180391992374977 0.6470932231384737 0.4200374496657129 0.650121457866537 0.42205627281775504 0.6538226336452809 0.4205421554537234 0.6581967504747055 0.4181833858411618 0.7100382381104108 0.41839194195191 0.7136532106967122 0.4160792613478733 0.7193699807163582 0.4181833858411618 0.7242200536412854 0.41880905417340625 0.7300596247422337 0.41921049726562015 0.7323870127449731 0.41513652365220766 0.7342673082588559
36 0.4626620859091736 0.6608627115548815 0.4689409946013093 0.3149908489324949 0.46710570082672553 0.3070379092426318 0.4749056993687066 0.3064261446511039 0.4732998173159457 0.313767319749439 0.4723315055893154 0.6613683021263923
34 0.47325260364692234 0.4018890178905034 0.5076735383892411 0.40262925304625224 0.5082287147560527 0.4574066545716627 0.47297501546351656 0.45555606668229065
39 0.5492249270075058 0.6576596477133566 0.5493109685643489 0.4427517980484259 0.5456073561885194 0.4425618692086397 0.5447526764094818 0.43610428865591133 0.5490260753046697 0.43496471561719446 0.548794066226069 0.4234596200924603 0.544831500121854 0.4229034704637986 0.5446229440111059 0.4137270015908797 0.5494197345583135 0.41289277714788714 0.5483769540045726 0.37924572461385125 0.5431630512358688 0.3795237994281821 0.5423288267928761 0.3692350312979398 0.5496282906690616 0.3675665824119545 0.5475991201260004 0.13930444746858553 0.5517705180764767 0.13497244135807718 0.5560969271846021 0.6585327744115488
42 0.5377766167321231 0.42226968474719007 0.5377766167321231 0.429600748034095 0.534363880374426 0.43035913389136105 0.5328471086598939 0.4321287008916484 0.532088722802628 0.4344038584634465 0.5317095298739949 0.4379429924640213 0.5337950909814765 0.43971255946430865 0.5373974238034901 0.43971255946430865 0.5377766167321231 0.4467908274654582 0.5444124929832007 0.4465380321797028 0.5444124929832007 0.4513411426090543 0.5491524045911135 0.4513411426090543 0.5494534151941886 0.4421820115290675 0.545749802818359 0.44180215384949517 0.5458922494481986 0.43686400401505576 0.5494534151941886 0.435724430976339 0.5491685219345094 0.4231891275504544
42 0.5460035265319365 0.3675292753097348 0.5318465291782408 0.36530856984248844 0.5290706473441829 0.3701200983548556 0.5279602946105597 0.37345115655572514 0.5138032972568641 0.3738212741335995 0.5143584736236758 0.3864052717813289 0.5287930591607771 0.39047656513794726 0.5285154709773713 0.39713868153968634 0.5132481208900526 0.3986191518511839 0.5146360618070815 0.4104629143431645 0.5279602946105597 0.4149043252776572 0.5279602946105597 0.4223066768351451 0.5393414101301973 0.4245273823023915 0.546558702898748 0.42267679441301953 0.5460035265319365 0.413793972544034 0.5493345847328059 0.41342385496615963 0.5487794083659944 0.3778925674902178 0.5451707619817191 0.3778925674902178 0.5448931737983133 0.37160056866635316 0.5487794083659944 0.3701200983548556 0.5487794083659944 0.3671591577318604
47 0.785653733102087 0.7015559601582939 0.7808506247646164 0.7025412131505956 0.7849147933578607 0.7163347550428185 0.7850430949612411 0.727618919621545 0.7835163599525092 0.7377971530130909 0.7832121493291714 0.7470446418102381 0.7804362674951134 0.7611091097694651 0.7771052092942439 0.7651804031260835 0.7707206810759106 0.7622194625030884 0.7657240937746062 0.7648102855482091 0.753787801888157 0.7674011085933299 0.7432394509187368 0.7644401679703346 0.7338014526829398 0.756297581257098 0.7265841599143892 0.7437135836093686 0.7207548080628674 0.7244674695599002 0.7199220435126501 0.7067018258219293 0.7213099844296791 0.6930074754405767 0.7267516304713199 0.679392654456123 0.7322575117950713 0.67143971476626 0.7421222158334589 0.6671573626255645 0.7639163294066412 0.6674632449213285 0.8229791248894751 0.6730552434871246 0.8250474499547461 0.6585769680302279 0.8208480454456042 0.6526300879296718 0.818496873532157 0.6396426621220593 0.8349550769262868 0.6374034507759192 0.842344474368549 0.6423297157374274 0.843352119474312 0.6494951920450757 0.841336829262786 0.6575563528911799 0.8342833135224447 0.6611390910450041 0.8322680233109185 0.6624826178526881 0.8324796287831289 0.6715111180003248 0.8771854833088156 0.6725948962918566 0.880436818183411 0.6742205637291543 0.871902064137598 0.6747624528749203 0.8706828135596248 0.6877677923733019 0.8771854833088156 0.6931866838309608 0.8824689024800332 0.6996893535801516 0.8865330710732774 0.7018569101632152 0.8898833383764386 0.7083595799124061 0.8904940323799312 0.7177235546326282 0.8932421553956486 0.7279017880241739 0.8941581964008877 0.7441869614506472 0.890188685378185 0.744594090786309 0.8898833383764384 0.7535509361708693 0.8877459093642139 0.7649505575694007 0.8834710513397647 0.7759430496322701 0.8785854993118227 0.7848998950168304 0.8736999472838807 0.7914139643874197 0.868203701252446 0.7946709990727144 0.8630128022227576 0.7962995164153617 0.8562951681843373 0.7954852577440381 0.8483561461389316 0.793449611065729 0.8401117770917795 0.7897854470447724 0.8294246320306563 0.7771644376392557 0.8236230389974754 0.7629149108910914 0.8166690494574732 0.7404340432345166 0.8129649460486884 0.7291085600880092 0.8125178875034313 0.7064575937949945 0.8201178827727982 0.6826144713812949 0.8096649223306334 0.6837936524077386 0.793741428602643 0.6957281887088297 0.7883767260595606 0.6987085790105422 0.8026825995077803 0.7243399356052692 0.8000630581144984 0.7306209234311921
13 0.781022526763166 0.6078069642540234 0.7851519377559795 0.6084187288455513 0.7842342908686876 0.603218729817564 0.7890519370269701 0.6010775537472162 0.7890519370269701 0.5977128484938126 0.7929519362979605 0.5928187317615893 0.7890519370269701 0.5906775556912416 0.7879048784178551 0.5671246189174165 0.7872166432523862 0.5616187375936652 0.788822525305147 0.5515246218334545 0.7897401721924389 0.5478540342842869 0.7895107604706159 0.5451010936224113 0.7880573663144891 0.5437050196914862 0.7876217925111323 0.5385942870654323 0.7871549169893429 0.5365101543457182 0.7851825792123338 0.534528931567435 0.7856181530156907 0.5324381773113219 0.788492940117846 0.529418198941381 0.7881908924790854 0.5245964362136791 0.7889678740963921 0.5201072090914616 0.7914283158845308 0.5150999942243726 0.7953132239710652 0.5152726568059964 0.7975146718867681 0.5135460309897588 0.8032125370803521 0.5132007058265113 0.8099463777636785 0.5159633071324914 0.8149967582761733 0.5232151355606891 0.8214716050870642 0.538064117580332 0.8222485867043711 0.546524584079896 0.8342131135434955 0.5614205701551708 0.8398441285336957 0.5694847397707661 0.8412814171476616 0.6085006023225914 0.8410660162122197 0.6406563042323398 0.8337505127443801 0.6379468585035103 0.8244029249799183 0.6422819716696374 0.8219644238239718 0.6514940871476577 0.8195259226680252 0.6601643134799121 0.8207451732459985 0.6726277638325278 0.8244029249799183 0.6812979901647821 0.8199524571618861 0.6988572576663512 0.810117169166235 0.6844321686060629 0.8131162887480713 0.708404352795076 0.8132729800408948 0.732430351028022 0.8111006979658001 0.7670485877695316 0.8022489387697143 0.765737216036778 0.7865124779766726 0.765737216036778 0.7806113051792818 0.755901928041127 0.7943807083731932 0.7506564411101131 0.7983148235714538 0.743443896579969 0.7938889439734107 0.6896776555370765 0.7929054151738456 0.6634502208820069 0.7953642371727583 0.6247647547657794 0.7895931177703516 0.623453383033026 0.7870068286655598 0.6195123710638194 0.7840510696886549 0.6195123710638194 0.7799869010954106 0.6175418650792162 0.777770081862732 0.6155713590946128 0.7785090216069582 0.6116303471254063 0.78109531071175 0.6101524676369539
36 0.907040715046184 0.5308911205529194 0.8992856220164678 0.5310743273547575 0.8991248071985308 0.5295733890540126 0.8961497330666973 0.5294661791753881 0.8962301404756657 0.532682475534127 0.9018699023830065 0.5325624943430373 0.9071974063390075 0.5331892595143316 0.9068840237533604 0.540083676398568 0.9100178496098316 0.5411282850173919 0.9103312321954786 0.5273394512489188 0.9082942453887723 0.5265037643538598
36 0.9354236717022172 0.5378298023138067 0.9356826655746527 0.5269520596715102 0.9387905920438804 0.5264340719266388 0.9398265675336229 0.5302326487223615 0.943322984811504 0.5304053113039854 0.9431934878752862 0.5285060229061239 0.9470783959618206 0.5281606977428764 0.9468194020893851 0.5319592745385991 0.9457834265996424 0.5381751274770542 0.942675500130415 0.5374844771505592 0.9415100277044546 0.540419741038163 0.936977634936831 0.5402470784565393
36 0.8678047913443399 0.544495390148482 0.8679614826371634 0.5311243998275385 0.8654544219519866 0.5321690084463623 0.865297730659163 0.5348849908553038 0.8580899311892793 0.5348849908553038 0.8576198573108087 0.5325868518938918 0.8537025749902198 0.5327957736176565 0.8541726488686905 0.5369742080929513 0.8648276567806924 0.538018816711775 0.8648276567806924 0.5449132335960115
36 0.9995828877785036 0.023033512236097876 0.9716363689382501 0.046391796639891805 0.9710107006060057 0.05000676922619325 0.9751818228209689 0.05250944255517117 0.9996936274509803 0.029707307780039