48 0.39698492462311563 0.5845896147403685 0.4006340875810577 0.5835929422709834 0.40134684471382337 0.5800027581948298 0.4019012113726412 0.5793691962990382 0.4099791255439866 0.5794747899483367 0.4102717465244385 0.5923693032820659 0.40194166900651485 0.5912153531497129
1 0.41080402010050254 0.6013400335008375 0.4170854271356784 0.6013400335008375 0.4296482412060302 0.5963149078726968 0.4296482412060302 0.5979899497487436 0.4170854271356784 0.6030150753768845 0.41080402010050254 0.6030150753768845 0.41080402010050254 0.5996649916247907
35 0.4434673366834171 0.5829145728643217 0.4434673366834171 0.5728643216080402 0.4447236180904523 0.5728643216080402 0.4447236180904523 0.5829145728643217
43 0.4447236180904523 0.5812395309882747 0.4447236180904523 0.5778894472361809 0.4434673366834171 0.5778894472361809 0.44221105527638194 0.5795644891122278
41 0.44221105527638194 0.576214405360134 0.44221105527638194 0.5711892797319933 0.44095477386934673 0.5711892797319933 0.44095477386934673 0.576214405360134
15 0.4071532669559014 0.6468641916650134 0.4246231155778895 0.6247906197654941 0.43908738488825166 0.6116950030720874 0.45603015075376885 0.5979899497487436 0.45767893253010716 0.5968170009045255 0.4587762038571239 0.5968711871428968 0.447841087075073 0.6065277344138831 0.43940837824208406 0.6136955369219237 0.4254944086676523 0.6274689613491389 0.4110533947911588 0.6475669174010958
41 0.44221105527638194 0.5728643216080402 0.4434673366834171 0.5728643216080402 0.4434673366834171 0.576214405360134 0.44221105527638194 0.576214405360134
18 0.5150753768844221 0.6197654941373535 0.40326633165829145 0.6147403685092127 0.4095477386934674 0.6113902847571189 0.4861809045226131 0.6164154103852597 0.5087939698492463 0.6164154103852597
23 0.4095477386934674 0.592964824120603 0.40975190046413473 0.5764495745788923 0.40452261306532666 0.576214405360134 0.39698492462311563 0.5678391959798995 0.3982412060301508 0.5561139028475712 0.3907035175879397 0.5494137353433837 0.3819095477386935 0.5309882747068677 0.3806532663316583 0.5175879396984925 0.38944723618090454 0.507537688442211 0.3982412060301508 0.4958123953098828 0.3982412060301508 0.4824120603015076 0.4057788944723618 0.47571189279731996 0.4082914572864322 0.4656616415410385 0.41206030150753775 0.474036850921273 0.42211055276381915 0.4656616415410385 0.42839195979899497 0.474036850921273 0.4334170854271357 0.48408710217755446 0.4271356783919598 0.4907872696817421 0.4296482412060302 0.49413735343383586 0.4346733668341709 0.4907872696817421 0.435929648241206 0.4958123953098828 0.435929648241206 0.5041876046901173 0.44221105527638194 0.5058626465661642 0.44221105527638194 0.5125628140703518 0.4459798994974874 0.5192629815745394 0.45226130653266333 0.5192629815745394 0.4547738693467337 0.5192629815745394 0.4510050251256281 0.5293132328308209 0.45603015075376885 0.542713567839196 0.4635678391959799 0.5460636515912899 0.4648241206030151 0.5510887772194305 0.4597989949748744 0.5510887772194305 0.4648241206030151 0.5544388609715243 0.45728643216080406 0.5577889447236181 0.4623115577889447 0.5577889447236181 0.4635678391959799 0.5577889447236181 0.4547738693467337 0.5644891122278057 0.4459798994974874 0.5728643216080402 0.44095477386934673 0.5728643216080402 0.44095477386934673 0.5829145728643217 0.43844221105527637 0.5829145728643217 0.4371859296482412 0.5745393634840871 0.4346733668341709 0.576214405360134 0.435929648241206 0.5829145728643217 0.4334170854271357 0.5829145728643217 0.4334170854271357 0.576214405360134 0.43216080402010054 0.576214405360134 0.43216080402010054 0.5862646566164155 0.4296482412060302 0.5862646566164155 0.43090452261306533 0.5778894472361809 0.4296482412060302 0.576214405360134 0.42839195979899497 0.5896147403685092 0.4271356783919598 0.5896147403685092 0.4271356783919598 0.576214405360134 0.4246231155778895 0.576214405360134 0.4246231155778895 0.5912897822445561 0.42211055276381915 0.5912897822445561 0.42211055276381915 0.576214405360134 0.4183417085427136 0.576214405360134 0.4183417085427136 0.5912897822445561 0.4158291457286432 0.5912897822445561 0.4161185584416137 0.577792705505836 0.4121260712883804 0.5778799729845951 0.41206030150753775 0.592964824120603
8 0.7324120603015075 0.6281407035175879 0.6909547738693467 0.626465661641541 0.6545226130653267 0.626465661641541 0.6055276381909548 0.6247906197654941 0.5251256281407035 0.6214405360134003 0.5125628140703518 0.6197654941373535 0.5087939698492463 0.6164154103852597 0.5125628140703518 0.6147403685092127 0.5263819095477387 0.6147403685092127 0.5100502512562815 0.6046901172529313 0.5087939698492463 0.5979899497487436 0.5263819095477387 0.5979899497487436 0.5439698492462312 0.6046901172529313 0.550251256281407 0.6046901172529313 0.5603015075376885 0.6080402010050251 0.5653266331658292 0.609715242881072 0.5690954773869347 0.6130653266331658 0.5741206030150754 0.6130653266331658 0.5891959798994975 0.6180904522613065 0.5979899497487438 0.6180904522613065 0.6306532663316583 0.6180904522613065 0.7047738693467337 0.6180904522613065 0.7311557788944724 0.6164154103852597
1 0.7311557788944724 0.6281407035175879 0.6432160804020101 0.626465661641541 0.6130653266331658 0.626465661641541 0.5829145728643217 0.6247906197654941 0.5515075376884422 0.6231155778894473 0.5251256281407035 0.6214405360134003 0.5122349891451158 0.6198431393365357 0.513533183044013 0.6188334329707267 0.5226130653266332 0.6197654941373535 0.5791457286432161 0.6231155778894473 0.6080402010050252 0.6247906197654941 0.6145284177749798 0.6247288578731193 0.6207164753597231 0.6252841963743142 0.646608877919229 0.6249333180018308 0.6595477386934674 0.6247906197654941 0.7060301507537688 0.6247906197654941 0.7311557788944724 0.6247906197654941
7 0.6130653266331658 0.626465661641541 0.6457286432160804 0.626465661641541 0.6469849246231156 0.6247906197654941 0.6142939464563888 0.6246961240998994
1 0.5263819095477387 0.6147403685092127 0.507537688442211 0.6046901172529313 0.5113065326633166 0.6030150753768845 0.5301507537688442 0.6147403685092127
8 0.0 0.6247906197654941 0.0 0.6220558485105773 0.07160804020100503 0.6180904522613065 0.22236180904522615 0.6130653266331658 0.28517587939698497 0.6046901172529313 0.3178391959798995 0.5996649916247907 0.3417085427135678 0.5979899497487436 0.3706030150753769 0.5946398659966499 0.3743718592964824 0.5912897822445561 0.35804020100502515 0.5912897822445561 0.33542713567839194 0.5912897822445561 0.2964824120603015 0.592964824120603 0.2613065326633166 0.5996649916247907 0.22361809045226133 0.6013400335008375 0.05402010050251257 0.6147403685092127 0.0 0.6147403685092127
48 0.5087939698492463 0.5896147403685092 0.513819095477387 0.5879396984924623 0.5188442211055276 0.5845896147403685 0.5238693467336684 0.5845896147403685 0.5238693467336684 0.5946398659966499 0.5113065326633166 0.5963149078726968
1 0.18918428750764704 0.6166304943789487 0.1834170854271357 0.6164154103852597 0.18887860181245117 0.6139741910965572 0.20458452201389307 0.6128498299188253 0.2298994974874372 0.609715242881072 0.2701005025125628 0.6046901172529313 0.31532663316582915 0.5979899497487436 0.34547738693467334 0.5963149078726968 0.37185929648241206 0.592964824120603 0.37176307787760743 0.5948258936116525 0.3556452142916083 0.5970367318455745 0.3397600990274654 0.5984281288030178 0.314070351758794 0.6013400335008375 0.2977386934673367 0.6030150753768845 0.2600502512562814 0.6080402010050251 0.22083856828947926 0.613538501140186
29 0.72253294421933 0.6174402969629607 0.72253294421933 0.5975084397213506 0.7310614792890574 0.5977639763526533 0.7310614792890574 0.6169292237003554
18 0.6557788944723618 0.6415410385259632 0.6193467336683417 0.626465661641541 0.6595477386934674 0.626465661641541 0.6746231155778895 0.626465661641541 0.7198492462311558 0.6365159128978225 0.7349246231155779 0.6432160804020101
16 0.7324120603015075 0.6314907872696817 0.7047738693467337 0.6331658291457286 0.7085427135678392 0.6314907872696817 0.7311557788944724 0.6298157453936348
35 0.4973498748479382 0.5864390542876387 0.49748743718592964 0.5778894472361809 0.4969335131365277 0.5779637803398175 0.49687799824167306 0.5863280244979292
43 0.4988968081442148 0.5769072125314928 0.49728465559763363 0.5746233297571696 0.495840435607988 0.5767280844707615 0.49731824210902076 0.5786089291084396
45 0.5276381909547738 0.5896147403685092 0.5339195979899498 0.5896147403685092 0.5339195979899498 0.5996649916247907 0.5288944723618091 0.5996649916247907
46 0.550251256281407 0.6030150753768845 0.5527638190954773 0.5979899497487436 0.5540201005025126 0.5912897822445561 0.5527638190954773 0.5896147403685092 0.5527638190954773 0.5879396984924623 0.5552763819095478 0.5912897822445561 0.5565326633165829 0.592964824120603 0.5552763819095478 0.5946398659966499 0.5540201005025126 0.6046901172529313 0.5527638190954773 0.6080402010050251 0.5515075376884422 0.6080402010050251
35 0.5276381909547738 0.6130653266331658 0.5301507537688442 0.559463986599665 0.5314070351758794 0.559463986599665 0.5291077391236628 0.6132675306927285
35 0.5226130653266332 0.6147403685092127 0.5226130653266332 0.5443886097152428 0.5251256281407035 0.5443886097152428 0.5263819095477387 0.6147403685092127
40 0.5213084675572627 0.550616233740627 0.5251877096224735 0.5505669735239258 0.525076874134896 0.5588919501464101 0.5213454127197884 0.5588426899297091
35 0.727382023646618 0.5287905062950068 0.7303526369855117 0.5921635908580748 0.7333232503244056 0.5919080542267721 0.7305442894589887 0.5285349696637044
43 0.5263819095477387 0.5544388609715243 0.5339195979899498 0.5544388609715243 0.5339195979899498 0.5628140703517589 0.5263819095477387 0.5628140703517589
43 0.5263819095477387 0.5678391959798995 0.5301507537688442 0.5628140703517589 0.5339195979899498 0.5678391959798995 0.5301507537688442 0.5745393634840871
35 0.6783919597989949 0.6214405360134003 0.6776016161787658 0.5606573125394022 0.6738152173069822 0.5601983551003981 0.6737168692843386 0.5520026865467542 0.6750445675900288 0.5518059905014667 0.6750937416013508 0.5591493095255318 0.6776016161787658 0.5589526134802443 0.6771032028571669 0.5335324829022424 0.6798908751986507 0.5331840238595569 0.6802078387788245 0.5589526134802443 0.6814863630731931 0.5590181788286734 0.6813388410392275 0.5524616439857583 0.682617365333596 0.5519371211983249 0.6824206692883085 0.560591747190973 0.6802570127901465 0.5609195739331189 0.6821608040201005 0.6214405360134003
42 0.6729624008614212 0.5367003797719068 0.6729624008614212 0.5349694545733772 0.6760997027837561 0.5350415764566492 0.675991519958848 0.556317532021909 0.6730164922738752 0.556317532021909 0.6731246750987834 0.5538653879906587 0.6696087332892701 0.554081753640475 0.6695979899497488 0.5527638190954774 0.6693923676394539 0.5367003797719068
41 0.6803729243676261 0.5348973326901051 0.6829693121654206 0.5348973326901051 0.6829152207529664 0.5363397703555465 0.6868098024496581 0.5363397703555465 0.6871859296482412 0.5510887772194305 0.6831315864027826 0.5511247564263202 0.6831856778152368 0.5553799475393721 0.6805351986049882 0.5554520694226442
40 0.6758793969849246 0.541038525963149 0.6821608040201005 0.541038525963149 0.6821608040201005 0.5561139028475712 0.6758793969849246 0.5561139028475712
8 0.9974874371859297 0.9363484087102177 0.842964824120603 0.8324958123953099 0.757537688442211 0.7755443886097152 0.6909547738693467 0.7504187604690118 0.6306532663316583 0.7303182579564489 0.6030150753768845 0.7135678391959799 0.5678391959798995 0.6767169179229481 0.5540201005025126 0.661641541038526 0.5603015075376885 0.6532663316582915 0.5741206030150754 0.6482412060301508 0.6080402010050252 0.644891122278057 0.6947236180904522 0.6432160804020101 0.7298994974874372 0.6432160804020101 0.7349246231155779 0.6549413735343385 0.7437185929648241 0.6666666666666666 0.7688442211055276 0.6767169179229481 0.8442211055276383 0.6984924623115578 0.9535175879396984 0.7386934673366834 0.9899497487437185 0.7453936348408711 0.9998094512195121 0.7571189279731994 0.9998094512195121 0.9413735343383585
1 0.9998094512195121 0.9581239530988276 0.8894472361809046 0.8777219430485762 0.7537688442211056 0.780569514237856 0.6708542713567839 0.747068676716918 0.621859296482412 0.7303182579564489 0.5979899497487438 0.7152428810720268 0.577889447236181 0.6917922948073703 0.5537048317194077 0.6631178266688588 0.5538323764405065 0.6600567533624838 0.5547251894881994 0.6578459781967686 0.5570209944679806 0.6547849048903936 0.5603015075376885 0.6515912897822447 0.5654389460605116 0.6491729371620396 0.5709233690677669 0.647642400508852 0.5715610926732616 0.6501932949308311 0.5639084094073242 0.6539346067497339 0.5590452261306533 0.6582914572864322 0.5584239864000691 0.6605669322468797 0.5602096124954544 0.662777707412595 0.5841708542713567 0.6934673366834171 0.6067839195979899 0.7135678391959799 0.6658291457286433 0.7370184254606365 0.7386934673366835 0.7571189279731994 0.8266331658291457 0.8107202680067002 0.9998094512195121 0.9262981574539364
35 0.6947236180904522 0.6499162479061976 0.6934673366834171 0.541038525963149 0.7097989949748744 0.541038525963149 0.71356783919598 0.6499162479061976
29 0.7298994974874372 0.6683417085427136 0.7286432160804021 0.5862646566164155 0.7449748743718593 0.5879396984924623 0.7462311557788945 0.6716917922948075
30 0.9998094512195121 0.7621440536013401 0.9874371859296484 0.7571189279731994 0.9849246231155779 0.6800670016750419 0.9698492462311558 0.6767169179229481 0.9660804020100503 0.6063651591289783 0.9998094512195121 0.6063651591289783
35 0.5979899497487438 0.6700167504187605 0.5992462311557789 0.49246231155778897 0.6042713567839196 0.49246231155778897 0.6042713567839196 0.6716917922948075
40 0.5972004029083484 0.5104544733634139 0.5967336683417085 0.5326633165829147 0.5880171829892237 0.5320520461361704 0.5879396984924623 0.5108877721943049
41 0.5960525004184579 0.5346029405581495 0.5967336683417085 0.4958123953098828 0.6080402010050252 0.4958123953098828 0.6088069725283535 0.5347730001862815
35 0.37814070351758794 0.5862646566164155 0.37939698492462315 0.5393634840871022 0.381709922736979 0.5395081244757713 0.3812193497071964 0.586276086648384
40 0.37774879790023463 0.554966039221666 0.3744569839191843 0.5548576667449235 0.3744569839191843 0.5519316098728788 0.37685472496710987 0.5518232373961364 0.3769360043246667 0.5500350915298868 0.3744976235979627 0.5497099740996597 0.3743757045616275 0.5467839172276149 0.3794556644089274 0.5466213585125014 0.380227818305717 0.5542074318844693
40 0.3822191625658586 0.5553453428902645 0.3821785228870802 0.5467839172276149 0.3869333653041529 0.5470006621810998 0.38681144626781766 0.549818346576402 0.38425114650477854 0.5502518364833717 0.38421050682600016 0.551714864919394 0.3868520859465961 0.5519857961112501 0.3868520859465961 0.5548034805065525
41 0.37742368047000746 0.557946282332082 0.3776675185426778 0.5412027346753814 0.38316582914572866 0.541038525963149 0.38316582914572866 0.5577889447236181
35 0.36934673366834175 0.5979899497487436 0.3706030150753769 0.5644891122278057 0.37185929648241206 0.5644891122278057 0.37185929648241206 0.5963149078726968
43 0.37365300539648405 0.5768469203530362 0.37276049709099224 0.5777195951406281 0.371034981033708 0.5783542677134224 0.3690119622079266 0.5784336017850216 0.36722694559694297 0.5774815929258302 0.3660369345229539 0.5761329137086426 0.36526342732486095 0.5745462322766572 0.36502542511006314 0.5725628804866754 0.3653824284322599 0.5705001946250943 0.36591793341555495 0.568358174691914 0.36681044172104676 0.5664541569735314 0.36817895445613424 0.5653434799711415 0.36960696774492113 0.5647881414699467 0.3714514849096042 0.5648674755415459 0.373117500413189 0.5655814821859394 0.3742480109334786 0.56661282511673 0.37508101868527094 0.5685168428351125 0.37537852145376827 0.5713728694126863 0.37525952034636934 0.5734355552742674 0.37478351591677367 0.5754189070642493
46 0.36037031607682257 0.5930026473336976 0.36905739691694295 0.5935579858348925 0.36934673366834175 0.5845896147403685 0.36180904522613067 0.5845896147403685 0.3605527638190955 0.5879396984924623 0.3600728133083253 0.5892739459685319
10 0.3594943521845613 0.5905959655564409 0.35929648241206036 0.5812395309882747 0.35961627122089657 0.5800296490740572 0.35990074897234536 0.579433600451974 0.3605527638190955 0.5795644891122278 0.36124185837203254 0.5799212765973147 0.3614044170871461 0.5810591876031099 0.3611605790144757 0.5823054710856475 0.3609573806205837 0.5881575848297369 0.3609573806205837 0.5909752692250394
10 0.3442211055276382 0.5912897822445561 0.34430983933495307 0.5804892133093668 0.3447464639829855 0.5793696629297965 0.3456568896189427 0.5792343800451017 0.3458829602386501 0.5780286700733287 0.3462578569954053 0.5775783823224843 0.34665805950621853 0.5775119372282831 0.3469967602459216 0.5780709844894951 0.34682882768898604 0.5791457528538825 0.3472990388484056 0.5800413931575387 0.34783642303059925 0.5812505075674747 0.3476684904736637 0.5863108752831321 0.34682882768898604 0.5864004393134977 0.346335101478065 0.5906455637065253 0.3463922030409537 0.5925803574087253 0.3446234239288515 0.5926694340162872
35 0.3379396984924623 0.5912897822445561 0.34296482412060303 0.5058626465661642 0.3442211055276382 0.5058626465661642 0.34045226130653267 0.592964824120603
46 0.317558043897851 0.5939765956959123 0.31840890181575315 0.5922312461207283 0.31880160547016956 0.5910967688968588 0.32017606826062694 0.5901368266305076 0.3258702712496647 0.590311361588026 0.32659022794942816 0.5915331062906548 0.32663316582914576 0.592964824120603 0.32672112916756696 0.5943256656109492 0.32580482064059535 0.5958092127498555 0.3241206030150754 0.5963149078726968 0.31723079085250394 0.5966818875374477
26 0.2449748743718593 0.5896147403685092 0.2135678391959799 0.5896147403685092 0.18467336683417088 0.5896147403685092 0.18216080402010051 0.6030150753768845 0.21733668341708545 0.6030150753768845 0.2449748743718593 0.6030150753768845 0.24623115577889448 0.5896147403685092
46 0.23618090452261306 0.5979899497487436 0.23366834170854273 0.6046901172529313 0.22864321608040203 0.6046901172529313 0.22613065326633167 0.6013400335008375 0.22236180904522615 0.5979899497487436 0.22110552763819097 0.6013400335008375 0.2185929648241206 0.6030150753768845 0.2135678391959799 0.6013400335008375 0.2135678391959799 0.5979899497487436 0.2185929648241206 0.5912897822445561 0.22110552763819097 0.592964824120603 0.22361809045226133 0.5896147403685092 0.22613065326633167 0.5896147403685092 0.22738693467336685 0.5963149078726968 0.2298994974874372 0.592964824120603 0.2349246231155779 0.592964824120603
46 0.20226130653266333 0.6046901172529313 0.2085427135678392 0.6046901172529313 0.21105527638190957 0.6013400335008375 0.21105527638190957 0.5963149078726968 0.2097989949748744 0.5946398659966499 0.2047738693467337 0.5979899497487436 0.2047738693467337 0.5896147403685092 0.2035175879396985 0.5896147403685092 0.2035175879396985 0.5979899497487436
46 0.21105527638190957 0.6013400335008375 0.2085427135678392 0.6046901172529313 0.2047738693467337 0.6046901172529313 0.2047738693467337 0.6030150753768845 0.199748743718593 0.6030150753768845 0.2035175879396985 0.5963149078726968 0.2035175879396985 0.5912897822445561 0.20100502512562818 0.5896147403685092 0.20100502512562818 0.5879396984924623 0.2085427135678392 0.5862646566164155 0.20603015075376888 0.5896147403685092 0.20603015075376888 0.5963149078726968 0.2097989949748744 0.592964824120603
46 0.18592964824120603 0.6013400335008375 0.1834170854271357 0.6046901172529313 0.18216080402010051 0.6030150753768845 0.1834170854271357 0.5946398659966499 0.18592964824120603 0.5912897822445561 0.1871859296482412 0.5879396984924623 0.1922110552763819 0.5879396984924623 0.18969849246231157 0.5896147403685092 0.1922110552763819 0.592964824120603 0.19472361809045227 0.5963149078726968 0.19472361809045227 0.6013400335008375 0.1934673366834171 0.6046901172529313 0.1884422110552764 0.6046901172529313
35 0.3040201005025126 0.5561139028475712 0.3341708542713568 0.5343383584589615 0.3341708542713568 0.5326633165829147 0.33291457286432163 0.5326633165829147 0.3040201005025126 0.5527638190954774
35 0.20728643216080403 0.6080402010050251 0.21105527638190957 0.5527638190954774 0.2135678391959799 0.5527638190954774 0.2097989949748744 0.609715242881072
35 0.18592964824120603 0.6113902847571189 0.19095477386934676 0.5393634840871022 0.1922110552763819 0.5393634840871022 0.1884422110552764 0.609715242881072
35 0.17964824120603018 0.609715242881072 0.1834170854271357 0.541038525963149 0.18592964824120603 0.541038525963149 0.18216080402010051 0.6130653266331658
35 0.11557788944723618 0.5795644891122278 0.12311557788944724 0.46901172529313234 0.12688442211055276 0.46901172529313234 0.12185929648241206 0.5812395309882747
40 0.11640233571375419 0.5087728552381965 0.11611435303384883 0.4873661426985648 0.1069709029468537 0.48803810228501066 0.10639493758704298 0.49341377897657734 0.11287454788491355 0.49590962886909046 0.11251456953503185 0.5002293690676708 0.10596296356718493 0.5001333748410357 0.10552763819095479 0.507537688442211
41 0.12562814070351758 0.474036850921273 0.135678391959799 0.47571189279731996 0.13316582914572864 0.5008375209380235 0.12437185929648241 0.4974874371859297
10 0.5034699986263343 0.5825060790839246 0.5033222179762311 0.582161257567017 0.5032113824886536 0.5815701349666039 0.5032483276511794 0.5809790123661909 0.5035069437888602 0.5808312317160875 0.5041350115517991 0.5808804919327887 0.5044675180145315 0.5814716145332017 0.5050586406149445 0.5824075586505224 0.5053172567526253 0.5829986812509356 0.5055019825652544 0.5834912834179465 0.5055019825652544 0.5884665653047567 0.503359163138757 0.5884173050880556 0.5032113824886536 0.5831464619010388 0.5033222179762311 0.58275238016743
40 0.1254317936165624 0.5122658576391314 0.1263677373262548 0.48346758964859554 0.1329193432941017 0.48423554346167647 0.13320732597400708 0.4877873298471759 0.14069487565154637 0.48730735871400027 0.14062287998157005 0.4930670123121075 0.1321993865943383 0.4968107871508771 0.13227138226431465 0.5000745908564712 0.14026290163168836 0.5002665793097414 0.13990292328180665 0.506410209814389 0.13356730432388877 0.5086180770269968 0.13299133896407805 0.5177375285573331
41 0.1128730377757358 0.5141950121423114 0.11414848498672535 0.47219028399372254 0.12843349374980823 0.4728705225062503 0.126265233491126 0.5150453102829711
10 0.4902235260522131 0.581806351265859 0.49102819169202544 0.5806738588839009 0.49147522815858785 0.5803758345728594 0.49214578285843147 0.5803758345728594 0.49250341203168135 0.5807930686083176 0.4926822266183063 0.5815679318170257 0.4926822266183063 0.5818659561280674 0.4929504484982437 0.5822235853013173 0.4933527813181499 0.5826408193367756 0.4933974849648061 0.583475287407692 0.4932633740248375 0.5898530076639822 0.4933080776714937 0.5906278708726904 0.4908493771054005 0.5904490562860655
18 0.5439698492462312 0.6716917922948075 0.1834170854271357 0.6599664991624791 0.20226130653266333 0.6499162479061976 0.23869346733668342 0.6499162479061976 0.29522613065326636 0.6515912897822447 0.3630653266331659 0.6499162479061976 0.4246231155778895 0.6532663316582915 0.5364321608040201 0.6582914572864322
18 0.3555276381909548 0.6130653266331658 0.22613065326633167 0.6164154103852597 0.24246231155778894 0.6113902847571189 0.3103015075376885 0.6130653266331658 0.33668341708542715 0.6113902847571189 0.35929648241206036 0.609715242881072
16 0.07412060301507538 0.9997459349593496 0.38944723618090454 0.6666666666666666 0.3944723618090452 0.6666666666666666 0.0942211055276382 0.9997459349593496
16 0.0 0.7839195979899498 0.2412060301507538 0.6800670016750419 0.271356783919598 0.6649916247906198 0.2638190954773869 0.6649916247906198 0.18467336683417088 0.6968174204355109 0.0 0.7738693467336684
15 0.31155778894472363 0.6499162479061976 0.36809045226130654 0.6231155778894473 0.36432160804020103 0.6214405360134003 0.3228643216080402 0.6381909547738694 0.30527638190954776 0.6465661641541038
18 0.03391959798994975 0.6633165829145728 0.0 0.6599664991624791 0.0 0.6499162479061976 0.05778894472361809 0.6499162479061976 0.056532663316582916 0.6566164154103853
15 0.19597989949748743 0.6398659966499163 0.23366834170854273 0.6298157453936348 0.3706030150753769 0.6030150753768845 0.36432160804020103 0.6013400335008375 0.28015075376884424 0.6180904522613065 0.1922110552763819 0.6365159128978225
15 0.18592964824120603 0.626465661641541 0.2889447236180905 0.609715242881072 0.28517587939698497 0.6063651591289783 0.18969849246231157 0.6231155778894473
48 0.45728643216080406 0.5829145728643217 0.45854271356783916 0.5812395309882747 0.4610552763819095 0.5812395309882747 0.46216485882206493 0.5820374991740488 0.4623115577889447 0.5862646566164155 0.45728643216080406 0.5862646566164155
47 0.4798994974874372 0.5896147403685092 0.4811557788944724 0.5728643216080402 0.4824120603015076 0.5711892797319933 0.4899497487437186 0.5711892797319933 0.4911044417844974 0.5732059854963519 0.4918420519543253 0.5742550310712183 0.4912060301507538 0.5896147403685092 0.49028597653535894 0.5897839578900487 0.4901550753172202 0.5917038424227511 0.48766795217258296 0.5915293074652328 0.4876959890805754 0.5903132864549628 0.4824941101969402 0.5901507277398492 0.48243190344703096 0.5913547725077143 0.4798994974874372 0.5912897822445561
48 0.4915988727495088 0.6043336892286747 0.48956688881058885 0.604171130513561 0.49000514564350656 0.5948192120010487 0.49144505904303326 0.5928993274683463 0.4947568598619452 0.5863256341737475 0.49556823104875597 0.5858929028741152 0.5084390859461518 0.5869758115967895 0.5091590426459153 0.5886338936932142 0.5113065326633166 0.5946398659966499 0.5115152645724136 0.5978842464416895 0.5108607584817196 0.6086181463290711 0.5081772835098742 0.6084436113715527 0.5082427341189436 0.6060001219662952 0.49550028191223516 0.6058509039030683 0.4953489641322718 0.6079200064989975 0.49338701861575834 0.6077474222460602
1 0.0 0.6197654941373535 0.03517587939698493 0.6180904522613065 0.06155778894472362 0.6180904522613065 0.06030150753768845 0.6197654941373535 0.04020100502512563 0.6214405360134003 0.0 0.6231155778894473
48 0.14321608040201006 0.6984924623115578 0.15326633165829145 0.6834170854271356 0.18090452261306533 0.6767169179229481 0.18592964824120603 0.6834170854271356 0.19597989949748743 0.6817420435510888 0.199748743718593 0.6566164154103853 0.199748743718593 0.6298157453936348 0.1834170854271357 0.6030150753768845 0.16959798994974873 0.5829145728643217 0.13442211055276382 0.5728643216080402 0.07663316582914573 0.576214405360134 0.0678391959798995 0.5845896147403685 0.05778894472361809 0.6197654941373535 0.05150753768844222 0.6666666666666666 0.056532663316582916 0.6901172529313233 0.06281407035175879 0.6968174204355109 0.07035175879396986 0.6984924623115578 0.07663316582914573 0.6850921273031826 0.12437185929648241 0.6834170854271356 0.12814070351758794 0.6984924623115578
35 0.35678391959799 0.5912897822445561 0.35804020100502515 0.5728643216080402 0.35929648241206036 0.5728643216080402 0.35804020100502515 0.5912897822445561
43 0.38944723618090454 0.5544388609715243 0.39321608040201006 0.5544388609715243 0.39321608040201006 0.5527638190954774 0.3932284515469269 0.5498671141909361 0.38960745616777154 0.5498671141909361
48 0.37517393721599773 0.5831323496612152 0.37315032346814425 0.5852908709922588 0.3723408779690029 0.5876292691008894 0.37139652488667124 0.590147543987107 0.37031726422114947 0.5923060653181507 0.3695078187220081 0.5942847098716074 0.3681587428901058 0.596982861535412 0.36734929739096445 0.5987816293112818 0.3668096670582035 0.6009401506423253 0.3662700367254426 0.6038181790837169 0.3661351291422522 0.6146107857389356 0.36586531397587174 0.6299003118338282 0.36653985189182287 0.6309795724993501 0.36842855805648606 0.631159449276937 0.3696427263051981 0.6313393260545239 0.3713965248866711 0.6313393260545239 0.37207106280262225 0.6295405582786543 0.37247578555219296 0.6273820369476106 0.3728805083017636 0.6257631459493278 0.37368995380090503 0.6263027762820887 0.3744993993000464 0.6272021601700236 0.375443752382378 0.6275619137251975 0.37719755096385094 0.6275619137251975 0.37814190404618253 0.6275619137251975 0.3789513495453239 0.6264826530596758 0.3790862571285141 0.6257631459493278 0.3789513495453239 0.6241442549510451 0.38839488036864 0.6232448710631103 0.3905534016996837 0.6239643781734582 0.3928468306139176 0.6243241317286322 0.39743368844238536 0.6243241317286322 0.4002667476893802 0.6243241317286322 0.40148091593809226 0.625403392394154 0.4020205462708532 0.6282814208355456 0.40256017660361415 0.6295405582786544 0.4033696221027555 0.6309795724993501 0.40444888276827734 0.631159449276937 0.4068772192657014 0.631159449276937 0.40795647993122325 0.6304399421665892 0.4084961102639842 0.6290009279458934 0.4084961102639842 0.6272021601700237 0.4086310178471744 0.625583269171741 0.40876592543036466 0.6223454871751755 0.4091706481799353 0.6245040085062191 0.40930555576312555 0.626122899504502 0.4102499088454572 0.6263027762820889 0.4111942619277888 0.6264826530596759 0.41240843017650086 0.6263027762820889 0.4133527832588324 0.6257631459493279 0.4134876908420227 0.6212662265096536 0.4136225984252129 0.6077754681906307 0.41267824534288133 0.6030986719733695 0.4111942619277888 0.5982419989785212 0.4118687998437399 0.5977023686457603 0.4134876908420227 0.5977023686457603 0.4149716742571152 0.5977023686457603 0.41578111975625653 0.5966231079802384 0.41591602733944677 0.5944645866491948 0.4145669515075445 0.5933853259836729 0.4118687998437399 0.5939249563164338 0.4118687998437399 0.5944645866491948 0.4115989846773595 0.5957237240923036 0.4115989846773595 0.5957237240923036 0.4103848164286474 0.5955438473147165 0.4098451860958865 0.593025572428499 0.4086310178471744 0.5903274207646945 0.407821572348033 0.5881688994336508 0.4051234206842284 0.5834921032163894 0.4049885131010383 0.5834921032163894 0.4026950841868044 0.5825927193284546 0.40188563868766297 0.5822329657732807 0.40013184010618996 0.5816933354405197 0.39702896569281476 0.5815134586629328 0.3932515533634883 0.5816933354405197 0.3908232168660642 0.5818732122181067 0.3878552500358792 0.5811537051077588 0.38502219078888433 0.5813335818853458 0.3808400557099872 0.5815134586629328 0.3782768116293729 0.5824128425508677 0.37679282821428034 0.5831323496612155
48 0.44375125420800765 0.5825856596654597 0.44454353492589443 0.5820995454725004 0.45028932654335824 0.582469644771532 0.45113185823835367 0.5838062246730622 0.4513035001925477 0.5850267896806647 0.4514751421467418 0.5860947840623167 0.4520472819940554 0.5864762106271925 0.4526194218413691 0.5869339225050434 0.45319962504327044 0.5870457237903831 0.4532621887865327 0.5883804169799782 0.45261569677282254 0.5884638353043279 0.45217775056998666 0.5884082230880948 0.45210449597878677 0.5918161825354532 0.45210449597878677 0.5979190075734654 0.45181842605513 0.5982241488253659 0.4513035001925477 0.5983767194513162 0.45055971839104 0.5983767194513162 0.44998757854372634 0.5982241488253659 0.44970150862006947 0.5976901516345399 0.4494726526811441 0.5965458719399126 0.4456393157041427 0.5960881600620617 0.4438656821774704 0.5925027503522295
48 0.42990546990301753 0.5867050665661179 0.4311069635823762 0.5840350806119877 0.4328233831243172 0.5821279477876089 0.4368283620555126 0.5818228065357083 0.44426618007059 0.5822805184135592 0.4456965296888741 0.5832722274822362 0.4463830975056504 0.5851793603066149 0.44666916742930723 0.5864762106271925 0.4468408093835013 0.5875442050088446 0.447412949230815 0.5873916343828943 0.44855722892544225 0.5873916343828943 0.4493582247116813 0.5878493462607453 0.44975872260480093 0.5885359140775216 0.44975872260480093 0.5890699112683477 0.44941543869641276 0.5896039084591738 0.4489577268185618 0.5899090497110743 0.4481567310323227 0.5898327643980992 0.4485000149407109 0.5918924678484283 0.44872887087963637 0.5933418887949562 0.4487860848643677 0.5949438803674344 0.44872887087963637 0.5966984425658629 0.44872887087963637 0.5979952928864405 0.44872887087963637 0.6015807025962726 0.44867165689490496 0.6024198410389994 0.4483855869712482 0.6031064088557757 0.4481567310323227 0.6032589794817259 0.4478134471239345 0.6031826941687508 0.44758459118500904 0.602801267603875 0.4470696653224268 0.6037929766725519 0.44603981359726225 0.6039455472985024 0.44523881781102315 0.6039455472985024 0.44507954671510724 0.6032254568250782 0.4450099618720977 0.6020384144741235 0.4448955339026349 0.6014281319703223 0.4428930444370372 0.6010467054054466 0.4380298557348713 0.6008941347794963 0.43156467546022714 0.6005889935275956 0.431393033506033 0.6015044172832975 0.4312213915518389 0.6021909851000739 0.43087810764345075 0.6024961263519745 0.4305348237350626 0.6024198410389994 0.4299626838877489 0.6019621291611484 0.42956218599462936 0.602801267603875 0.42904726013204714 0.6028775529168502 0.4276741244984944 0.6028775529168502 0.4272164126206434 0.602343555726024 0.4271019846511807 0.6016569879092478 0.4275596965290316 0.5921976091003289 0.42784576645268846 0.5904430469019005 0.4285323342694648 0.5888410553294222 0.4289328321625843 0.5883833434515713 0.4291044741167785 0.5881544875126459 0.428246264345808 0.5880019168866956 0.42801740840688257 0.5876967756347949 0.42818905036107663 0.5870864931309937 0.4286467622389276 0.5866287812531428 0.4289900461473157 0.5865524959401677
48 0.28048889194395354 0.5784444061844166 0.27717752399292067 0.5810607956765907 0.276319021190801 0.5828595634524605 0.27558316164612706 0.5844948068850694 0.2743567290716704 0.5867841476907217 0.27288500998232246 0.5892370128396349 0.2719038639227571 0.5910357806155047 0.2706774313483005 0.5941427431374615 0.27018685831851785 0.5956144622268094 0.26969628528873524 0.5980673273757227 0.2693283555163982 0.6021554359572446 0.2693283555163982 0.6046083011061579 0.2694509987738439 0.6075517392848538 0.26994157180362655 0.608859934030941 0.2704321448334092 0.6093505070607237 0.2714132908929745 0.6093505070607237 0.2721491504376485 0.6091869827174627 0.2730076532397681 0.6078787879713757 0.2736208695269964 0.6067341175685494 0.2787718863397142 0.6062435445387668 0.2790171728546056 0.6070611662550712 0.2790171728546056 0.6075517392848538 0.2793851026269426 0.6082058366578974 0.2799983189141709 0.6085328853444192 0.28085682171629056 0.6085328853444192 0.2819606110333015 0.6077152636281148 0.2825738273205298 0.6057529715089841 0.28993242276726955 0.6057529715089841 0.29005506602471526 0.607388214941593 0.2906682823119435 0.6080423123146366 0.29140414185661756 0.6080423123146366 0.2925079311736285 0.6078787879713757 0.2932437907183025 0.6067341175685494 0.2937343637480851 0.6049353497926798 0.2975363047289007 0.6047718254494189 0.297781591243792 0.606080020195506 0.2982721642735746 0.6067341175685494 0.29925331033313995 0.6068976419118104 0.2999891698778139 0.6064070688820277 0.3009703159373792 0.605916495852245 0.30182881873949885 0.5920169266750699 0.30035709965015095 0.5835136608255039 0.29925331033313995 0.5804066983035473 0.298517450788466 0.5789349792141992 0.2975363047289007 0.5776267844681122 0.29606458563955274 0.5772997357815904 0.2945928665502047 0.5772997357815904 0.2932437907183025 0.5776267844681122 0.29238528791618285 0.577790308811373 0.29128149859917185 0.5781173574978948 0.28870599019281296 0.577953833154634 0.28698898458857364 0.577953833154634 0.2838002598949864 0.577953833154634 0.28208325429074715 0.577953833154634
7 0.5531767119769138 0.660874950364293 0.5587520566598817 0.6595972672077796 0.5665052703596339 0.6700510384883442 0.560929925676666 0.6728387108298282 0.5536122857802707 0.6635464696915484