8 0.9050581397968095 0.6297735742711722 0.7554228415909952 0.618935791355854 0.6390398318753615 0.6164726588750997 0.7598564800563523 0.6002159845021224 0.9996936274509803 0.6026791169828766 0.9996936274509803 0.6323492418560805
34 0.09939333618576286 0.5862036990923858 0.10006509958960491 0.5342539958619347 0.12156152851255018 0.5338061535927066 0.12256917361831325 0.5951605444769463 0.10208038980113103 0.5978475980923144
1 0.9996936274509803 0.6413532474458409 0.8907299503683139 0.6312556851036388 0.6328338094864903 0.6180608814548373 0.6483515441152414 0.6131346164933289 0.6845595915823273 0.6141198694856306 0.7506946986905763 0.6175682549586864 0.8220023840084087 0.6195387609432897 0.9996936274509803 0.6293912908663063
8 0.0 0.6174884479891712 0.18239988646480612 0.6121237454460887 0.314282157315585 0.6079511990236911 0.497129102325648 0.5972217939375261 0.7000936818722702 0.5745708276445108 0.730046604404481 0.5703982812221133 0.7304936629497379 0.5787433740669085 0.6589642957086376 0.5894727791530735 0.5208232052242623 0.6049708087219786 0.31785862567763995 0.6210649163512262 0.1864234133721179 0.6258335408339663 0.0 0.6288139311356787
1 0.0 0.6371590239804737 0.0 0.6300060872563638 0.02503527853438515 0.6288139311356787 0.07957642105572423 0.6276217750149938 0.14350579302745775 0.6270256969546513 0.20788222354444813 0.6252374627736238 0.2905880544169705 0.6216609944115687 0.35898801184127277 0.6174884479891712 0.44571736962110703 0.6109315893254037 0.4966820437803911 0.6055668867823212 0.5601643572068677 0.5996061061788961 0.7130583796847205 0.5787433740669085 0.7139524967752342 0.585300232730676 0.5860937528317672 0.6037786526012936 0.5042820390497587 0.6097394332047187 0.3393174358499708 0.6246413847132812 0.2651057173373291 0.6288139311356787 0.08225877232726618 0.6365629459201313
33 0.062118887960482275 0.556834137738626 0.08873064769194745 0.556834137738626 0.08781300080465555 0.6115870686803762 0.061430652795013356 0.61342236245496
1 0.0 0.8090740428402766 0.07474815621214673 0.7835191176395427 0.17537067419003657 0.7400757447982951 0.24341066253699067 0.706854342037341 0.26449347582759614 0.6864104018767537 0.25209247198898005 0.6704594196831234 0.20091946854760626 0.6649057603949123 0.17354786205570866 0.6593521011067012 0.03986733989037259 0.6553852016151218 0.0 0.6569719614117535 0.0 0.6498315423269108 0.05890845744995353 0.648244782530279 0.11127153073880112 0.6506249222252265 0.19517145498570465 0.6553852016151218 0.2546749473593951 0.6633190005982805 0.28145151892755577 0.6704594196831234 0.2874018681649248 0.6815667382595456 0.2856167633937141 0.6950541965309154 0.25705508705434266 0.7156820738871281 0.15589915001906893 0.7712186667692392 0.0 0.8362758184311408
10 0.3404799398395339 0.5719093610927952 0.33979049815111023 0.5698410360275241 0.33979049815111023 0.5673130831699708 0.34099702110585167 0.5657043858969822 0.34220354406059306 0.565474572000841 0.34496131081428777 0.565474572000841 0.3456507525027114 0.5705304777159479 0.3456507525027114 0.5753565695349135 0.3454783920806055 0.579033591873173 0.3446165899700759 0.5834000558998563 0.3430653461711226 0.5882261477188221 0.3399628585732162 0.5914435422647992 0.3377221730858392 0.5907541005763756 0.33565384802056814 0.5875367060303984 0.33513676675425047 0.5863876365496923 0.33565384802056814 0.5834000558998563 0.33599856886478 0.582021172523009 0.3354814875984623 0.5811019169384442 0.33530912717635636 0.5801826613538792 0.33582620844267413 0.579033591873173 0.3378945335079451 0.577884522392467 0.3387563356184747 0.576965266807902 0.3396181377290043 0.5746671278464899 0.34030757941742795 0.5730584305735014
10 0.3316895583121321 0.5700708499236654 0.33237900000055576 0.5661640136892646 0.3313448374679202 0.5647851303124173 0.32962123324686105 0.5647851303124173 0.3270358269152723 0.5700708499236654 0.32634638522684867 0.5712199194043714 0.3251398622721072 0.5730584305735014 0.32358861847315395 0.5742075000542074 0.3228991767847303 0.5758161973271959 0.32152029340788296 0.5776547084963258 0.32065849129735335 0.5797230335615968 0.3237609788952599 0.5838596836921388 0.3244504205836835 0.5861578226535511 0.3244504205836835 0.5877665199265396 0.3239333393173658 0.5909839144725167 0.3244504205836835 0.5930522395377877 0.3303106749352847 0.5935118673300702 0.334102604221615 0.5898348449918106 0.33324080211108537 0.5868472643419748 0.3313448374679202 0.585008753172845 0.3311724770458143 0.5822509864191503 0.3322066395784498 0.5804124752500204 0.33237900000055576 0.5797230335615968 0.3328960812668735 0.5765056390156197 0.3327237208447676 0.5746671278464899 0.3322066395784498 0.5721391749889364
10 0.31376407441311666 0.5797230335615968 0.31531531821206993 0.5767354529117609 0.31514295778996404 0.5746671278464899 0.31393643483522254 0.5732882444696425 0.313074632724693 0.5725988027812189 0.31100630765942194 0.5728286166773601 0.3096274242825746 0.5776547084963258 0.30686965752887996 0.5827106142114328 0.30411189077518525 0.5879963338226808 0.3027330073983379 0.5905242866802344 0.3027330073983379 0.5939714951223527 0.30411189077518525 0.5969590757721885 0.30497369288571485 0.597418703564471 0.31083394723731606 0.5978783313567535 0.31376407441311666 0.5958100062914824 0.3175560036994468 0.5919031700570817 0.3187625266541883 0.5896050310956694 0.3187625266541883 0.5870770782381161 0.31859016623208236 0.5861578226535511 0.31617712032259954 0.5843193114844213 0.31531531821206993 0.5838596836921388 0.31479823694575215 0.5824808003152915 0.3141087952573285 0.5811019169384442
50 0.3163494807447054 0.6132758623982154 0.313074632724693 0.6176423264248987 0.3094550638604687 0.619940465386311 0.30480133246360896 0.620170279282452 0.3023882865541261 0.6192510236978873 0.29911343853411365 0.6155740013596277 0.29894107811200776 0.6121267929175093 0.2992857989562196 0.6089093983715322 0.29963051980043137 0.6059218177216963 0.29963051980043137 0.6031640509680016 0.29963051980043137 0.5997168425258833 0.3003199614888551 0.5953503784992 0.3013541240214906 0.5937416812262114 0.3027330073983379 0.5923627978493641 0.30738673879519773 0.5889155894072458 0.30876562217204506 0.5877665199265396 0.30893798259415095 0.5868472643419748 0.3092827034383628 0.5854683809651274 0.3106615868152101 0.5817913586268678 0.31169574934784566 0.5815615447307266 0.3144535161015403 0.5822509864191503 0.31721128285523503 0.5815615447307266 0.3180730849657646 0.5811019169384442 0.3191072474984001 0.5815615447307266 0.3191072474984001 0.5854683809651274 0.3210032121415652 0.5875367060303984 0.3223820955184125 0.5889155894072458 0.323416258051048 0.5896050310956694 0.32996595409107293 0.5893752171995282 0.3316895583121321 0.5879963338226808 0.3378945335079451 0.5854683809651274 0.3396181377290043 0.5847789392767037 0.34116938152795756 0.5824808003152915 0.3442718691258641 0.5836298697959975 0.3453060316584996 0.5847789392767037 0.3463401941911351 0.5847789392767037 0.34858087967851203 0.5852385670689861 0.34806379841219426 0.5873068921342572 0.34720199630166465 0.5884559616149633 0.34720199630166465 0.5884559616149633 0.34720199630166465 0.5939714951223527 0.34892560052272387 0.5981081452528947 0.34909796094482975 0.6027044231757192 0.34823615883430015 0.6073007010985436 0.3477190775679824 0.6128162346059329 0.34375478785954633 0.6181019542171812 0.3418588232163812 0.6185615820094635 0.3384116147742629 0.6171826986326162 0.3363432897089919 0.6155740013596277 0.3322066395784498 0.614884559671204 0.32824234987001377 0.6139653040866391 0.3270358269152723 0.6137354901904979 0.3244504205836835 0.6130460485020742 0.32255445594051846 0.6130460485020742 0.31824544538787053 0.6130460485020742
33 0.38509419314421117 0.5916721956631451 0.38338782496536256 0.5322653035106388 0.4135336627916876 0.5315069176533728 0.41486083804190316 0.5896498333771023
23 0.3487582710225982 0.5602012765039943 0.34715238896983736 0.5504130430395474 0.34508768347343066 0.5433777502369762 0.3432523896988468 0.5360365751386409 0.3423347428115549 0.5262483416741939 0.3423347428115549 0.5219659895334983 0.3407288607587941 0.5234954010123182 0.33682886148780344 0.5286954000403057 0.3274229808930615 0.5268601062657219 0.32283474645660193 0.5244130478996101 0.3177876885764965 0.525330694786902 0.31113474864363017 0.5241071656038461 0.30975827831269226 0.5213542249419705 0.3065465142071706 0.5201306957589146 0.302875926658003 0.5173777550970388 0.3017288680488881 0.5164601082097469 0.3035641618234719 0.5106483445902316 0.3113641603654531 0.5082012862241198 0.3177876885764965 0.5063659924495361 0.3189347471856113 0.5026954049003683 0.3180171002983195 0.5002483465342565 0.31457592447097477 0.4974954058723809 0.3131994541400369 0.496883641280853 0.30975827831269226 0.496883641280853 0.30539945559805576 0.496883641280853 0.3021876914925341 0.4947424652105052 0.2946171046723759 0.4910718776613376 0.29415828122872995 0.4910718776613376 0.29094651712320824 0.49504834750626914 0.2895700467922704 0.496883641280853 0.28383475374669603 0.5005542288300205 0.2769524020920066 0.49841305275967285 0.27236416765554705 0.4974954058723809 0.27557593176106876 0.4932130537316851 0.2762641669265377 0.4867895255206418 0.27534652003924576 0.48158952649265435 0.27557593176106876 0.47700129205619496 0.27442887315195386 0.4727189399154993 0.2797053427538823 0.4702718815493876 0.2817700482502891 0.46660129400021993 0.2787876958665904 0.46384835333834407 0.2780994607011215 0.4610954126764684 0.2739700497083079 0.4610954126764684 0.26915240355002534 0.4623189418595242 0.2645641691135658 0.4592601189018846 0.26410534566991983 0.454977766761189 0.26617005116632664 0.4525307083950772 0.26800534494091044 0.45130717921202124 0.2654818160008577 0.44763659166285363 0.262499463617159 0.4467189447755617 0.262499463617159 0.4433542395221581 0.2636465222262739 0.4421307103391022 0.2684641683845564 0.44274247493063 0.2693818152718483 0.44090718115604627 0.2682347566627334 0.4360130644238227 0.2684641683845564 0.432342476874655 0.2745658089398864 0.43327217332204754 0.27221463702643933 0.43058511970667934 0.2698634651129922 0.4278980660913112 0.2701993468149132 0.424315327937487 0.2718787553245183 0.42252395886057487 0.2752375723437285 0.42118043205289085 0.27221463702643933 0.4131192712067863 0.2701993468149132 0.40505811036068184 0.2755734540456495 0.4028188990145417 0.2819552063821489 0.4037145835529978 0.28329873318983295 0.40237105674531376 0.29035224893017436 0.3947577381684373 0.2930393025455425 0.3929663690915252 0.29706988296859477 0.3875922618607889 0.3071463340262253 0.38445736597619273 0.3088257425358304 0.38445736597619273 0.3165510216800139 0.37863541647622834 0.32293277401651327 0.37818757420700033 0.3309939348626177 0.3741569937839481 0.3390550957087221 0.372813466976264 0.3454368480452215 0.372813466976264 0.35081095527595785 0.372365624707036 0.3598797612278254 0.37370915151472006 0.3686126854777719 0.37460483605317607 0.3726432659008241 0.37370915151472006 0.3800326633430865 0.3763962051300882 0.3860785339776649 0.3840095237069646 0.3917885229103222 0.390279315476157 0.3981702752468216 0.389831473206929 0.40186497396795273 0.39610126497612136 0.405223790987163 0.3992361608607175 0.4095902531121362 0.40505811036068184 0.41194142502558334 0.40864084851450605 0.4142925969390305 0.4144627980144704 0.41026201651597827 0.41894122070675066 0.40690319949676806 0.42118043205289085 0.40287261907371585 0.42073258978366274 0.4035443824775579 0.425211012475943 0.40791084460253113 0.42968943516822333 0.40891848970829425 0.43506354239895967 0.40791084460253113 0.4404376496296959 0.40287261907371585 0.44133333416815196 0.39346793141992736 0.442676860975836 0.3964908667372164 0.44760312593734436 0.4008573288621897 0.45208154862962463 0.4001855654583477 0.46014270947572905 0.3978343935449005 0.4641732898987813 0.3974985118429795 0.4695473971295176 0.3961549850352955 0.4749215043602538 0.3954832216314534 0.478504242514078 0.39279616801608525 0.47984776932176215 0.3894373509968751 0.48656540336018256 0.38708617908342796 0.4968657755524272 0.3833914803622967 0.5008963559754795 0.37700972802579735 0.4991049868985674 0.3753303195161923 0.4991049868985674 0.36827680377585087 0.4955222487447432 0.3642462233527986 0.49104382605246294 0.36155916973743046 0.48835677243709474 0.3565209442086152 0.4838783497448146 0.3555132991028521 0.48343050747558647 0.3548415356990101 0.493283037398603 0.3558491808047731 0.5017920405139356 0.35316212718940493 0.5103010436292681 0.3511468369778789 0.5120924127061802 0.3494674284682738 0.5201535735522848 0.34894490990284427 0.5268737853442341 0.35019624656733317 0.534103730516837 0.34957057823508875 0.5368844786601459 0.34957057823508875 0.5424459749467635 0.34977913434583685 0.5466170971617267 0.34957057823508875 0.5519005186340135 0.3493620221243406 0.5582962393636237
35 0.30094475512580404 0.6250113735100666 0.3036928781415215 0.6233828561674193 0.3030821841380287 0.5338144023218139 0.30094475512580404 0.5334072729861521
43 0.30460891914676064 0.5370714370071087 0.3030821841380287 0.5382928250140941 0.30186079613104316 0.5382928250140941 0.29880732611357935 0.5362571783357849 0.29789128510834023 0.5338144023218139 0.29728059110484745 0.5264860742799007 0.29850197911183296 0.5216005222519586 0.30186079613104316 0.5199720049093113 0.30491426614850703 0.5211933929162968 0.30735704216247806 0.5252646862729152 0.30766238916422445 0.5313716263078428 0.30644100115723893 0.5362571783357849
45 0.23938278602473237 0.5770614315171085 0.26858064152947486 0.5767833567027778 0.2681635293079785 0.585681750761366 0.26628652431124505 0.5884624989046747 0.26482663153600794 0.620441102552726 0.24334535212894742 0.620441102552726
35 0.07453056063598312 0.6333582845669278 0.08391558561965033 0.6333582845669278 0.08606772407096204 0.5720205890971074 0.08484633606397651 0.5618423557055613 0.08209821304825907 0.5451500529434257 0.0833196010552446 0.43929642567134686 0.0885105000849331 0.4352251323147284 0.09400674611636797 0.43318948563641924 0.09797625713907092 0.43318948563641924 0.09919764514605645 0.43318948563641924 0.1034725031705058 0.43115383895811005 0.09675486913208539 0.42830393360847707 0.0866784180744548 0.42789680427281523 0.08484633606397651 0.4295253216154627 0.08057147803952716 0.42463976958752053 0.08438523938212747 0.4098703793906494 0.08236994917060134 0.40315274535222906 0.07901113215139113 0.40136137627531693 0.07632407853602298 0.402704903083001 0.07296526151681278 0.4165880134290698 0.07296526151681278 0.42240996292903416 0.0716217347091287 0.42509701654440235 0.07094997130528666 0.42509701654440235 0.06423233726686627 0.42509701654440235 0.061545283651498105 0.42733622789054243 0.0581864666322879 0.43226249285205076 0.055835294718840765 0.4380844423520151 0.05952999343997198 0.44077149596738324 0.061545283651498105 0.4331581773905068 0.06960644449760259 0.4318146505828227 0.07498055172833891 0.4394279691596992 0.07867525044947012 0.4506240258903999 0.07766760534370706 0.4564459753903642 0.07766760534370706 0.46719418985183686 0.076659960237944 0.47615103523639735 0.07766760534370706 0.48869061877478215 0.07733172364178605 0.5097392054284994 0.07598819683410196 0.554523432351302 0.07598819683410196 0.5648238045435466 0.07598819683410196 0.571541438581967 0.07195761641104972 0.5800504416972996 0.07195761641104972 0.5925900252356843 0.07296526151681278 0.6190127191201379 0.07327922397149417 0.632802134938266
35 0.07453056063598312 0.6333582845669278 0.08391558561965033 0.6333582845669278 0.08606772407096204 0.5720205890971074 0.08484633606397651 0.5618423557055613 0.08209821304825907 0.5451500529434257 0.0833196010552446 0.43929642567134686 0.0885105000849331 0.4352251323147284 0.09400674611636797 0.43318948563641924 0.09797625713907092 0.43318948563641924 0.09952847322724634 0.4386112649405501 0.10388729594188288 0.43922302953207804 0.10388729594188288 0.43188185443374283 0.09675486913208539 0.42830393360847707 0.0866784180744548 0.42789680427281523 0.08484633606397651 0.4295253216154627 0.08057147803952716 0.42463976958752053 0.08438523938212747 0.4098703793906494 0.08236994917060134 0.40315274535222906 0.07901113215139113 0.40136137627531693 0.07632407853602298 0.402704903083001 0.07296526151681278 0.4165880134290698 0.07296526151681278 0.42240996292903416 0.0716217347091287 0.42509701654440235 0.07094997130528666 0.42509701654440235 0.06423233726686627 0.42509701654440235 0.061545283651498105 0.42733622789054243 0.0581864666322879 0.43226249285205076 0.055835294718840765 0.4380844423520151 0.05952999343997198 0.44077149596738324 0.061545283651498105 0.4331581773905068 0.06960644449760259 0.4318146505828227 0.07498055172833891 0.4394279691596992 0.07867525044947012 0.4506240258903999 0.07766760534370706 0.4564459753903642 0.07766760534370706 0.46719418985183686 0.076659960237944 0.47615103523639735 0.07766760534370706 0.48869061877478215 0.07733172364178605 0.5097392054284994 0.07598819683410196 0.554523432351302 0.07598819683410196 0.5648238045435466 0.07598819683410196 0.571541438581967 0.07195761641104972 0.5800504416972996 0.07195761641104972 0.5925900252356843 0.07296526151681278 0.6190127191201379 0.07327922397149417 0.632802134938266
43 0.0790029272303536 0.5075865232220973 0.07589500076112593 0.5081045109669686 0.07278707429189826 0.5098311367832062 0.07032663250375971 0.5134570509973051 0.06929065701401715 0.5176009529562753 0.06903166314158152 0.5212268671703743 0.07006763863132406 0.5251981065477207 0.07201009267459135 0.5289966833434434 0.07550650995247248 0.5308959717413048 0.08146336901849216 0.5312412969045522 0.08508928323259109 0.5295146710883146 0.08806771276560094 0.525025443966097 0.08897419131912568 0.5210542045887504 0.08897419131912568 0.5162196523032853 0.0884562035742544 0.5144930264870476 0.08767922195694748 0.5134570509973051 0.08547777404124457 0.5108671122729487 0.08353531999797727 0.5087951612934636 0.08081588433740307 0.5075865232220973
43 0.0717749957055967 0.5389436179642527 0.07158040977589299 0.5307710089166968 0.08695269822248608 0.5306412849635611 0.08695269822248608 0.5388138940111169
43 0.07235875349470783 0.5464676072461295 0.07196958163530041 0.539462513776796 0.08734187008189351 0.5390733419173884 0.08743916304674537 0.5460784353867221
35 0.4449798614251146 0.6043190248390775 0.4424563324850619 0.4845355178179081 0.4447275085311093 0.4845355178179081 0.4475033903651673 0.6046554953644179
35 0.47501648279665 0.6069860659474066 0.4780447175247132 0.6069860659474066 0.47728765884269747 0.5114284367507435 0.47451177700863945 0.5114284367507435
41 0.47577221430341565 0.5141879500900488 0.4808913188399614 0.5151991312330702 0.48316647641175947 0.516463107661847 0.48127051176859437 0.5217718086627091 0.4820288976258604 0.5240469662345073 0.48335607287607596 0.5250581473775287 0.48335607287607596 0.5270805096635715 0.48127051176859437 0.5303668483783909 0.4808913188399614 0.533400391807455 0.48070172237564485 0.5374451163795405 0.4769097930893147 0.5394674786655833
40 0.47709938955363124 0.546545746666733 0.4761514072320487 0.5425010220946475 0.4740658461245671 0.5427538173804027 0.472169881481402 0.5432594079519134 0.4704635133025534 0.5442705890949348 0.4700843203739204 0.5500848806673078 0.47179068855276896 0.5518544476675951 0.4740658461245671 0.5521072429533505 0.47501382844614964 0.5533712193821272 0.47653060016068166 0.5541296052393933
33 0.445626510929875 0.5381885567588499 0.45855698979626075 0.5381885567588499 0.45834843368551265 0.5643275893059525 0.4462521792621194 0.5646056641202833
23 0.9996936274509803 0.21375200706481748 0.9960400425825311 0.22325590486674332 0.9881201277475928 0.2221999162220849 0.9857441532971113 0.2221999162220849 0.9794082214291607 0.2264238708007186 0.965152374726272 0.23275980266866916 0.960400425825309 0.24015172318127814 0.9556484769243461 0.2517675982725208 0.9540644939573585 0.26866341658705567 0.9548564854408523 0.27922330303363996 0.9635683917592843 0.29928708728215003 0.978616229945667 0.29823109863749164 0.9817841958796422 0.2971751099928332 0.9849521618136176 0.2940071440588579 0.9920800851650619 0.29823109863749164 0.9996936274509803 0.30667900779475904
33 0.7753578994054197 0.5237392389596705 0.7721065645308242 0.47063410267461103 0.8216894213684052 0.46521521121695186 0.8229086719463784 0.5210297932308409
33 0.7558498901578469 0.5779281535362616 0.7538178058612246 0.5367445784580522 0.7855183208885305 0.5340351327292228 0.787956822044477 0.5800957101193254
33 0.7895824894817748 0.5784700426820276 0.788769655763126 0.5340351327292228 0.8062455807140766 0.5318675761461591 0.8070584144327254 0.5790119318277935
45 0.8212830045090806 0.6245306200721301 0.8082776650106989 0.5540850311225615 0.8647696084567952 0.5546269202683274 0.8566412712703065 0.6250725092178959
35 0.7759409665249697 0.6482257955089437 0.7689210389548204 0.6487184220050944 0.7596842921519924 0.5782728330555259 0.7670736895942548 0.5763023270709225
10 0.7288774950618904 0.5595635181798495 0.7288774950618904 0.5576169944795334 0.7299202756156311 0.5559485455935481 0.7301288317263792 0.5556704707792172 0.7301288317263792 0.5531677974502393 0.7309630561693718 0.5520554981929158 0.7326315050553572 0.5523335730072466 0.7340913978305943 0.5559485455935481 0.736385515048824 0.5587292937368569 0.7361769589380759 0.5612319670658348 0.7342999539413424 0.5634565655804818 0.7330486172768534 0.5637346403948127 0.7309630561693718 0.5626223411374892
48 0.7059363228795927 0.5662373137237907 0.7107331134268003 0.5617881166944966 0.7149042356417636 0.5601196678085112 0.7249149289576752 0.5595635181798495 0.7280432706188976 0.5595635181798495 0.7320058367231127 0.5598415929941805 0.7340913978305943 0.5631784907661509 0.7359684028273278 0.5695742114957612 0.7349256222735869 0.5756918574110406 0.7305459439478755 0.5787506803686803 0.7259577095114161 0.5823656529549817 0.7217865872964528 0.5829218025836435 0.7169897967492451 0.5831998773979743 0.7115673378697931 0.5831998773979743 0.7071876595440816 0.5823656529549817 0.7061448789903408 0.5737453337107243 0.7055192106580964 0.5684619122384377
48 0.754559305335188 0.5646679693092532 0.7540385631959545 0.5626163639491467 0.7509844428011953 0.5620661915088274 0.742850754482017 0.5615100418801657 0.738888188377802 0.5615100418801657 0.7357598467165796 0.5615100418801657 0.7332571733876017 0.5634565655804818 0.7297117195048829 0.5687399870527686 0.7276261583974013 0.5720768848247392 0.7253320411791715 0.5759699322253714 0.7247063728469271 0.5790287551830111 0.7251234850684234 0.5831998773979743 0.7270004900651569 0.5854244759126214 0.7311716122801201 0.5865367751699448 0.7382625200455575 0.5868148499842758 0.7447277594787505 0.5865367751699448 0.7468133205862321 0.5857025507269523 0.7484817694722173 0.5845902514696287 0.750016450392363 0.5793963276797144 0.7541127844624177 0.5779164559256875 0.7543238563602466 0.572202336507381 0.7544415808477173 0.5660806631589023
10 0.5045748108569819 0.5942720368413986 0.5011336350296371 0.6046720348973735 0.5006748115859913 0.6077308578550132 0.503198340526044 0.6117073276999448 0.5018218701951062 0.6129308568830006 0.4972336357586466 0.609260269333833 0.4963159888713547 0.6052837994889014 0.5002159881423454 0.5942720368413986 0.4999865764205223 0.5915190961795228 0.49792187092411555 0.5841779210811877 0.49792187092411555 0.5835661564896597 0.4974630474804696 0.5734720407294488 0.5013630467514602 0.5667426302226414 0.502280693638752 0.5652132187438216 0.503427752247867 0.561848513490418 0.503427752247867 0.5597073374200702 0.503886575691513 0.5566485144624305 0.5054924577442738 0.5557308675751386 0.5077865749625035 0.5554249852793746 0.5093924570152644 0.5572602790539585 0.5100806921807333 0.561542631194654 0.5098512804589103 0.5642955718565297 0.5100806921807333 0.5676602771099333 0.5116865742334942 0.571024982363337 0.513292456286255 0.5746955699125047 0.5139806914517239 0.5771426282786163 0.5155865735044847 0.5786720397574362 0.5160453969481307 0.5798955689404921 0.5160453969481307 0.580813215827784 0.5160453969481307 0.5814249804193119 0.5142101031735469 0.581119098123548 0.5109983390680252 0.5798955689404921 0.5089336335716184 0.5826485096023678 0.5087042218497955 0.5860132148557714 0.5091630452934414 0.590907331587995 0.5109983390680252 0.5970249775032743 0.513292456286255 0.6031426234185537 0.5148983383390158 0.6043661526016095 0.5176512790008916 0.6058955640804294 0.5176512790008916 0.6077308578550132 0.5165042203917767 0.6098720339253609 0.5146689266171928 0.6107896808126528 0.513063044564432 0.6098720339253609 0.5109983390680252 0.6055896817846654 0.5093924570152644 0.6022249765312617 0.5073277515188576 0.5985543889820942 0.5066395163533887 0.5967190952075103 0.5064101046315657 0.5961073306159824
27 0.08473666904803026 0.6977579553207485 0.132095989018894 0.6905924790131001 0.14452361198997174 0.6955187439746084 0.09884370052871308 0.7040277470899409
35 0.07167652891268439 0.6686014199491396 0.07223170527949599 0.6101228426449842 0.07528517529695979 0.6097527250671098 0.0744524107467424 0.6693416551048884
35 0.1671102030171956 0.6779234633791806 0.16552622005020795 0.4128703135699162 0.17661410081912143 0.41181432492525777 0.17423812636863997 0.6800354406684974
41 0.17510211707790596 0.41835970908636383 0.19866550005788727 0.4270868879678384 0.19408373114511313 0.43843222051375524 0.19801096164177673 0.4506502709478197 0.19473826956122373 0.46112288560558923 0.19932003847399787 0.47072278237521126 0.19212011589678135 0.48381355069742304 0.18033842440679068 0.48904985802630785 0.17575665549401656 0.4899225759144553
41 0.1679021945006894 0.48730442225001286 0.1672476560845788 0.4183597090863636 0.1410661194401551 0.42708688796783817 0.150884195681814 0.43668678473746025 0.150884195681814 0.44192309206634495 0.14172065785626567 0.4454139636189348 0.14302973468848687 0.45501386038855685 0.14892058043348222 0.4593774498292942 0.14892058043348222 0.46286832138188394 0.14302973468848687 0.4663591929344738 0.14368427310459747 0.47595908970409584 0.15350234934625637 0.4811953970329806 0.1587386566751411 0.48468626858557046
23 0.6782603836752824 0.5938791098145138 0.6742298032522301 0.5952226366221979 0.6692403823526105 0.5462470869402102 0.6696874408978676 0.5247882767678802 0.6692403823526105 0.5146549497420576 0.6656639139905556 0.5104824033196601 0.6598521529022162 0.5080980910782901 0.6509109819970788 0.5075020130179476 0.6509109819970788 0.5075020130179476 0.6437580452729686 0.5027333885352075 0.6406286354561705 0.49617652987144006 0.6366051085488587 0.47948634418185 0.6339227572773174 0.45802753400952 0.6334756987320604 0.45445106564746496 0.6267698205532074 0.4478942069836975 0.6155933569217855 0.4401451921992449 0.6138051227407579 0.4401451921992449 0.6088874787429323 0.4431255825009574 0.6084404201976754 0.45504714370780747 0.6053110103808773 0.47173732939739754 0.5972639565662535 0.47889026612150754 0.5963698394757397 0.48842751508698756 0.5881870319377214 0.49840008302521227 0.5905580783874004 0.5015412324145225 0.5822323050815538 0.5067808097116704 0.5832247595575817 0.523101172206352 0.57925494165347 0.5332462624057487 0.5807227903917491 0.5355176818540452 0.5789345562107215 0.5486313991815802 0.5771463220296941 0.5539961017246627 0.5762522049391804 0.5593608042677451 0.5731227951223822 0.5599568823280877 0.5677580925792998 0.5390941502161002 0.5574757460383915 0.5265765109489077 0.5521110434953089 0.5170392619834276 0.5664169169435289 0.4955804518110976 0.5677580925792995 0.4937922176300701 0.5655227998530152 0.48723535896630255 0.5588169216741621 0.47948634418185 0.5427228140449146 0.47590987581979505 0.5351228187755475 0.463988314612945 0.5310992918682356 0.4514706753457524 0.5319934089587494 0.4401451921992449 0.5355698773208044 0.4359726457768474 0.5418286969544007 0.4264353968113674 0.5422757554996576 0.41630206978554485 0.5467463409522263 0.4104008969881541 0.5585486865470078 0.41105658285453084 0.5614992729457032 0.41367932632003784 0.5659251525437463 0.41367932632003784 0.5703510321417894 0.4123679545872843 0.5796945557376582 0.4123679545872843 0.5860874929348314 0.41367932632003784 0.5885463149337443 0.4123679545872843 0.5949392521309176 0.40646678178989354 0.6047745401265688 0.394664436195112 0.6096921841243945 0.394664436195112 0.6219862941189586 0.3894189492640981 0.6283792313161319 0.38286209060033055 0.6283792313161319 0.3815507188675771 0.6190357077202632 0.3723711167383026 0.6151015925220027 0.3579460276780141 0.6131345349228724 0.3494221114151163 0.6111674773237422 0.3297515354238138 0.6126427705230899 0.3231946767600463 0.6165768857213504 0.3192605615617858 0.624936880517654 0.3153264463635253 0.6308380533150446 0.31991624742816255 0.6347721685133053 0.3172935039626556 0.6401815769109135 0.3094252735661346 0.65296745130526 0.30155704316961357 0.6559180377039556 0.3002456714368601 0.6647697969000417 0.2976229279713531 0.671162734097215 0.2923774410403391 0.6800144932933011 0.2858205823765716 0.6942756608869954 0.2884433258420786 0.7055862420819944 0.2963115562385996 0.7119791792791678 0.30090135730323686 0.7218144672748191 0.3028684149023671 0.7301744620711227 0.3028684149023671 0.7336168128696006 0.30417978663512063 0.744435629664817 0.3015570431696136 0.7518120956615555 0.30024567143686015 0.764597970055902 0.30024567143686015 0.76804032085438 0.30483547250149734 0.7842685460472046 0.3015570431696136 0.7896779544448128 0.30024567143686015 0.7985297136408989 0.3081139018333811 0.7945955984426385 0.31729350396265565 0.7832850172476394 0.32778447782468373 0.7655814988554672 0.3422095668849722 0.7586967972585114 0.355978970078884 0.7606638548576415 0.3592573994107678 0.7670567920548149 0.3684370015400423 0.771482671652858 0.37892797540207035 0.7660732632552498 0.3920416927296053 0.7552544464600334 0.3966314937942426 0.7508285668619904 0.4025326665916334 0.7459109228641646 0.40843383938902417 0.7400097500667738 0.4104008969881544 0.737550928067861 0.4123679545872847 0.7355838704687307 0.4156463839191684 0.7380426924676436 0.4208918708501824 0.7405015144665565 0.42482598604844296 0.7454191584643821 0.435316959910471 0.7385344568674261 0.4543318500353968 0.7336168128696006 0.4595773369664108 0.7168968232769933 0.47269105429394576 0.7168968232769933 0.47465811189307616 0.7262403468728621 0.4864604574878576 0.7311579908706878 0.49432868788437867 0.7331250484698181 0.5028526041472764 0.7144380012780807 0.5100651486774207 0.7109956504796026 0.5159663214748114 0.7109956504796026 0.5159663214748114 0.7119791792791678 0.5258016094704626 0.7080450640809073 0.5323584681342303 0.7021438912835165 0.5369482691988675 0.7001768336843863 0.5376039550652443 0.6893580168891698 0.538259640931621 0.6844403728913442 0.5389153267979978 0.6809980220928662 0.5441608137290117 0.6785392000939535 0.5507176723927792 0.6775556712943882 0.5618643321211841
40 0.17052034816513179 0.49777703690778224 0.15612050301069874 0.503013344236667 0.14630242676903982 0.5099950873418467 0.14761150360126102 0.5195949841114688 0.15612050301069874 0.5274494451047959 0.1665931176684682 0.5300675987692383 0.17117488658124239 0.5326857524336807
43 0.18192640520737755 0.6100787844595239 0.16772812685464156 0.6113134173597617 0.16618483572934417 0.6096672401594445 0.16541319016669548 0.5701589873518313 0.16695648129199286 0.5678954937013952 0.18022878496955042 0.5681012658514348 0.182235063432437 0.5699532152017918 0.18316103810761547 0.6086383794092464
35 0.2379378050245229 0.6854113828594857 0.2327014976956381 0.6007577477091823 0.24055595868896526 0.5990123119328874 0.24448318918562884 0.6836659470831907
43 0.24775588126618178 0.6304301559061958 0.23859234344063351 0.6251938485773112 0.2261561135345322 0.6086122087025094 0.22484703670231107 0.586794261498823 0.2333560361117487 0.5702126216240212 0.2353196513600805 0.5693399037358738 0.23924688185674411 0.5728307752884636 0.24317411235340763 0.5876669793869703 0.24644680443396058 0.6016304655973298 0.24841041968229238 0.6155939518076892 0.24841041968229238 0.6243211306891636
35 0.5825404511306655 0.5968770104227575 0.5858210387527341 0.5968770104227575 0.584811627176713 0.49425350019394637 0.5810263337666339 0.49458997071928673
35 0.5704275122184125 0.5948581872707155 0.5696704535363967 0.49627232334598864 0.5732033940524704 0.49627232334598864 0.5734557469464757 0.5948581872707155
35 0.6290584870341877 0.5916450550371073 0.6256996700149775 0.5012623425201786 0.629363834035934 0.500448083848855 0.6308905690446659 0.5924593137084311
41 0.6290584870341877 0.5032979891984879 0.6336386920603834 0.5041122478698115 0.6336386920603834 0.5098120585690773 0.6336386920603834 0.5151047399326812 0.6336386920603834 0.5203974212962852 0.629363834035934 0.5212116799676089
40 0.6284477930306949 0.5338326893731259 0.6360814680743544 0.5358683360514351 0.6360814680743544 0.5399396294080535 0.6327226510551442 0.5427895347576864 0.6305852220429196 0.5436037934290101 0.6287531400324413 0.5370897240584206
43 0.6305852220429196 0.5334255600374641 0.6238675880044993 0.5338326893731259 0.6192873829783035 0.5293542666808457 0.6186766889748107 0.5228401973102562 0.6189820359765571 0.5175475159466524 0.6211194649887818 0.5138833519256957 0.6256996700149775 0.5110334465760629 0.6290584870341877 0.5110334465760629 0.6324173040533978 0.513069093254372 0.6354707740708616 0.5208045506319471 0.6354707740708616 0.5265043613312128 0.633333345058637 0.5309827840234931 0.6315012630481587 0.5346469480444497 0.6311959160464123 0.5350540773801115
10 0.7013946932988004 0.5583588323821467 0.7020203616310451 0.5550219346101761 0.7036888105170302 0.5539096353528525 0.7053572594030154 0.5547438597958453 0.7053572594030154 0.5580807575678157 0.7053572594030154 0.5583588323821467 0.7068171521782527 0.5603053560824628 0.7078599327319935 0.5647545531117569 0.7080069312396168 0.5680410683217494 0.7073801660683225 0.57159273762575 0.7076935486539696 0.5774425458911631 0.7065967096042047 0.5793228414050458 0.7040896489190277 0.5797406848525752 0.7025227359907922 0.5793228414050458 0.7025227359907922 0.5722195027970443 0.7015825882338508 0.5659518510841018 0.7014258969410272 0.5634447903989249
35 0.708153855146253 0.6073143778913546 0.7074820917424111 0.5737262076992526 0.7115126721654631 0.5737262076992526 0.7131920806750682 0.6068665356221266
35 0.6997568125982274 0.6413503903526844 0.7047950381270428 0.6409025480834565 0.6970697589828594 0.4671397476229827 0.6930391785598071 0.4671397476229827
43 0.6994209308963065 0.4783358043536834 0.6957262321751753 0.48147070023827954 0.690352124944439 0.48147070023827954 0.6853138994156237 0.47475306619985913 0.6839703726079396 0.46221348266147444 0.6839703726079396 0.4554958486230541 0.6869933079252288 0.44385194962312546 0.6916956517521231 0.4411648960077572 0.6970697589828594 0.4402692114693012 0.7027797479155167 0.4442997918923534 0.7054668015308848 0.45056958366154576 0.7064744466366478 0.45907858677687824 0.7061385649347268 0.4657962208152986 0.7047950381270428 0.47161817031526293 0.7024438662135956 0.4760965930075432 0.7007644577039907 0.47878364662291134
43 0.6869933079252288 0.4899797033536119 0.6869933079252288 0.47923148889213935 0.7037873930212797 0.47788796208445533 0.7037873930212797 0.48953186108438396
35 0.6644892338965206 0.6014924283913902 0.6638174704926785 0.5835787376222692 0.6607945351753894 0.5670085736608322 0.6597868900696262 0.5522297787763074 0.6601227717715473 0.5468556715455711 0.6618021802811525 0.5419294065840629 0.6618021802811525 0.5316290343918183 0.6621380619830733 0.527150611699538 0.6624739436849945 0.5172980817765215 0.6624739436849945 0.5105804477381011 0.6621380619830733 0.48684480746901576 0.6594510083677052 0.3892151927773064 0.6591151266657843 0.36413602570053694 0.6513898475216008 0.3560748648544324 0.6446034938378812 0.35517511920002104 0.6440566869640365 0.34642620921850753 0.6574534553732291 0.3500715883774715 0.6568508580968385 0.3336420519354458 0.6538756834781541 0.32412149315565536 0.6465173178963372 0.31689863803089946 0.6449501596221006 0.3193612137657601 0.6449501596221006 0.3304685323421823 0.6407849151559422 0.3304685323421823 0.636024635766047 0.3265016328506029 0.6330494611473625 0.3161876941724966 0.6429630732163474 0.30669157638580036 0.6558130347516954 0.31653410011500305 0.6598260327155231 0.3344354318337615 0.6628012073342076 0.3415758509186044 0.6675614867241028 0.3423692308169202 0.6729168010377349 0.3415758509186044 0.6776770804276302 0.34078247102028847 0.6837001853177697 0.3427808300595436 0.6856140093762257 0.3500715883774715 0.6854125344362099 0.35823682878323765 0.6836274296649991 0.3598235885798694 0.6787789234531684 0.3489779746297823 0.6730374512778 0.3500715883774715 0.6686629962870433 0.3577268846112958 0.6657763819528921 0.3756911865461867 0.6657763819528921 0.3844183654276613 0.6693465914953135 0.404252862885558 0.6693465914953135 0.416946941258612 0.6687515565715767 0.42170722064850724 0.6705366613427873 0.512945908954832 0.6729168010377349 0.5280201270228336 0.6711316962665242 0.5438877249891511 0.6735118359614718 0.5526149038706256 0.6747019058089456 0.5589619430571525 0.6741068708852088 0.581176580209997 0.6729168010377349 0.5891103791931557 0.6723217661139981 0.5978375580746301 0.6729168010377349 0.6041845972611571
43 0.6880009530309918 0.5034149714304527 0.688336834732913 0.49042754562284 0.7054668015308848 0.48908401881515595 0.7054668015308848 0.5016236023535405
35 0.7031704468738854 0.6410258849374727 0.7016925673854331 0.5824033318955242 0.708343025083469 0.5828959583916751 0.7098209045719216 0.645952149898981 0.7028009770017722 0.6464447763951318
10 0.6850664231403425 0.5567867540956811 0.6843274833961163 0.5503826096457205 0.6843274833961163 0.5469342241726647 0.6843274833961163 0.5434858386996089 0.6876527122451342 0.5415153327150055 0.6917168808383787 0.5425005857073072 0.6943031699431705 0.5454563446842122 0.6950421096873968 0.5508752361418712 0.6950421096873968 0.5558015011033796 0.6954115795595098 0.5617130190571894 0.6972589289200755 0.5725508019725076 0.6943031699431705 0.5893001028416358 0.6924558205826049 0.594718994299295 0.6909779410941523 0.600137885756954 0.6909779410941523 0.6085125361915181 0.6924558205826049 0.6188576926106854 0.6946726398152836 0.6301881020221546 0.6817411942913244 0.6306807285183053 0.6854358930124556 0.6237839575721936 0.6850664231403425 0.611468295168423 0.6846969532682293 0.606049403710764 0.6835885436518899 0.597182126780049 0.6817411942913244 0.5868369703608817 0.6802633148028718 0.5819107053993734 0.6810022545470981 0.5774770669340159 0.6798938449307588 0.574521307957111 0.6776770256980801 0.5725508019725076 0.6765686160817407 0.5700876694917535 0.6761991462096276 0.5691024164994519 0.6769380859538539 0.5646687780340944 0.680632784674985 0.5622056455533403
35 0.6477499660569174 0.6149166806414789 0.6462720865684648 0.5740286814609602 0.6507057250338223 0.5735360549648093 0.6521836045222748 0.6154093071376296
35 0.6514446647780485 0.6395480054490201 0.6514446647780485 0.5819107053993734 0.6577256526039715 0.5814180789032226 0.6577256526039715 0.6405332584413218
35 0.6370353397656368 0.6070346567030656 0.6359269301492975 0.574521307957111 0.6396216288704286 0.5740286814609602 0.640730038486768 0.6075272831992165
10 0.6152366173109627 0.5567867540956811 0.6137587378225102 0.5513678626380222 0.613019798078284 0.5464415976765138 0.6144976775667365 0.5439784651957597 0.6181923762878676 0.5425005857073072 0.6200397256484332 0.5434858386996089 0.6229954846253382 0.5489047301572679 0.6241038942416776 0.5553088746072288 0.6266901833464695 0.5558015011033796 0.63149329168394 0.5607277660648878 0.631862761556053 0.5676245370109994 0.6329711711723924 0.5735360549648093 0.6303848820676007 0.574521307957111 0.6289070025791481 0.5789549464224685 0.6300154121954875 0.5853590908724292 0.6300154121954875 0.6011231387492557 0.6292764724512612 0.6129461746568755 0.6300154121954875 0.6292028490298529 0.6270596532185826 0.6301881020221546 0.6241038942416776 0.6247692105644953 0.6237344243695645 0.6227987045798921 0.6233649544974513 0.6119609216645738 0.6233649544974513 0.600137885756954 0.6229954846253382 0.5961968737877473 0.6211481352647726 0.6163945601299312 0.6207786653926595 0.628710222533702 0.6189313160320938 0.6296954755260036 0.6152366173109627 0.6203355720991379 0.6137587378225102 0.6035862712300099 0.6137587378225102 0.588807476345485 0.6137587378225102 0.5843738378801275 0.6137587378225102 0.5824033318955242 0.6111724487177184 0.5789549464224685 0.6093250993571527 0.5774770669340159 0.6082166897408133 0.5730434284686585 0.6082166897408133 0.5671319105148487 0.6085861596129266 0.563190898545642 0.613019798078284 0.5577720070879829
35 0.6108029788456052 0.6365922464721152 0.616345026927302 0.6365922464721152 0.6148671474388496 0.5824033318955242 0.6096945692292659 0.5819107053993734
35 0.5897431961351574 0.6223060780837412 0.5878958467745917 0.5759991874455634 0.5934378948562886 0.5759991874455634 0.5956547140889673 0.623291331076043
35 0.5668360640641439 0.6262470900529479 0.5653581845756914 0.5804328259109209 0.5709002326573882 0.5804328259109209 0.5720086422737276 0.6262470900529479
35 0.5738559916342932 0.6311733550144561 0.5720086422737276 0.57994019941477 0.5768117506111982 0.5794475729186193 0.57939803971599 0.6326512345029087
35 0.5413426428883387 0.6292028490298529 0.5406037031441123 0.5784623199263176 0.5465152210979223 0.5784623199263176 0.5476236307142617 0.6301881020221546
35 0.5513183294353928 0.6321586080067577 0.5564909076449766 0.6316659815106069 0.5531656787959585 0.46712873179623066 0.5491015102027141 0.46565085230777814 0.5513183294353928 0.5853590908724292
41 0.5513183294353928 0.4686066112846831 0.5624024255987865 0.4681139847885323 0.5627718954708996 0.5070314779844476 0.5527962089238453 0.5094946104652017
43 0.5531656787959585 0.5075241044805985 0.5465152210979223 0.5109724899536543 0.5431899922489042 0.5168840079074641 0.5442984018652436 0.5247660318458774 0.5468846909700354 0.5291996703112349 0.5542740884122977 0.5306775497996873 0.5590771967497684 0.5247660318458774 0.5590771967497684 0.5163913814113134 0.557968787133429 0.5134356224344084 0.5568603775170896 0.5099872369613526 0.5553824980286372 0.5075241044805985