9 0.3737720543735736 0.644127941293917 0.37473690980652324 0.6482238410574049 0.39968013703434224 0.6480779742315113 0.4183839409223332 0.6490291223772139 0.45825621585153475 0.6486674690898743 0.47471144042549107 0.647944162515195 0.5041061621454956 0.6471882605448243 0.5180554333334686 0.646458886887937 0.5270814323374511 0.6442707659172746 0.5649400462579603 0.6409707000857039 0.6012793130687842 0.6379780630019439 0.6233573913006886 0.6357136447217485 0.6519830802781434 0.6324110133042667 0.6585085110466393 0.6321619272934452 0.6761684906126715 0.628879848830662 0.6903415468999168 0.6249014470658212 0.6627413846563339 0.6215861122617873 0.5613476534095345 0.6258101646379187 0.5365575133459556 0.6346253132146663 0.490606972962045 0.6415543629550973 0.38448310588491763 0.6368134341853287 0.37217492542494157 0.6368134341853287 0.37108086493961034 0.6386368683275473
8 0.5158808649353437 0.6469019346866469 0.4516794048535649 0.6497259164359485 0.4069369440130673 0.649019920998623 0.41712975313945283 0.6486669232799605 0.454856384321529 0.6481374267019663 0.5104535250109049 0.6460194403899902 0.5230290687382638 0.6458429415306588
9 0.6960252644330002 1.0 0.6556775397283963 0.8508454538905829 0.6609542753094895 0.8156672166832953 0.6885790703959365 0.7837241816325254 0.7145685018413405 0.7719775459509869 0.7642337905807836 0.7604363071062495 0.8060542526325692 0.7552212854595041 0.8590067801226002 0.7524131968804872 1.0 0.7443900866547252 1.0 1.0
2 0.3752457488163192 0.6450892082382604 0.39895275469468927 0.6465332898146079 0.42073431847126275 0.6481378248994383 0.42031072120886753 0.6506392950966888 0.3629084785490578 0.6493556670288244
17 0.7500870056313493 0.6665787943225543 0.7259167356616585 0.6647541397565695 0.719938654023962 0.6638898387969026 0.6696741333320609 0.6577890965273443 0.6454751840681452 0.6531465533576281 0.6381827936565763 0.6511626934245587 0.6371094339242088 0.6501505967126875 0.6370228225411153 0.6483787627474522 0.6387627792143068 0.6474507858550834 0.6590050582357719 0.6448687575147227 0.6852132897414546 0.6416746847219792 0.6895816365099056 0.640086194987997 0.6893201769294011 0.6416453790647806 0.6882578950649204 0.6429101767372987 0.6681370251011465 0.645557659627269 0.6559653623942535 0.6472441286146232 0.6462467336384573 0.6484350322931632 0.6453923181210174 0.6492862957530204 0.6453535558795522 0.6499661941655719 0.6459685187607953 0.6510148976723544 0.6487986700924716 0.6516674851349147 0.6619177524698494 0.654419283119043 0.6658395180743384 0.655348886817885 0.6953715103782319 0.660173939981629 0.7155451241456549 0.6618731365576797
8 0.6761554915098369 1.0 0.6594437934939268 0.9285040086014023 0.6472478329927781 0.8701421630788788 0.6428868944960069 0.8475298893919172 0.6453096381053243 0.8410692397670709 0.6457941868271877 0.8320243302922862 0.654729935637945 0.8139978778672798 0.6621894389470215 0.8037203399747744 0.6771084455651746 0.7881382663958146 0.6950112535069581 0.7755399941404857 0.7131627115590443 0.7692408580128212 0.7437466751262577 0.7619471214439465 0.770103586818328 0.7576371861987024 0.8300282634012425 0.7513380500710377 0.9123044382270907 0.7480227152670038 1.0 0.7433812465413562 1.0 0.7453704474237767 0.9103152373446705 0.7510065165906344 0.8414391567908641 0.7546533848750718 0.7700765751340327 0.7612840544831398 0.7375034106843995 0.7682462575716109 0.7135785457211986 0.7765843246037558 0.6982616989265616 0.7864308689717368 0.6908767906505758 0.7929952318837241 0.6799361857972637 0.8021124025948176 0.6717307321572795 0.8123236337912423 0.6673544902159546 0.8258170464436606 0.6651663692452923 0.8385810854391916 0.6648928541239594 0.8498863771209474 0.6657133994879578 0.8535332454053849 0.6679015204586203 0.8557213663760473 0.6690636041546271 0.8717294422206269 0.7060294295997843 1.0
9 1.0 0.6764179758440647 0.7778892330240587 0.6676262624540621 0.7313706638175318 0.6632246147824175 0.7010005109763702 0.6587253328800231 0.681043525307226 0.6540752723257479 0.6756824455807857 0.6511085327572549 0.6765452340137732 0.6485521225854399 0.6798046569828372 0.6461235329222157 0.6873780221168392 0.6431836612246284 0.7538333252581222 0.6450363670902429 1.0 0.6547877054326267
8 0.780694297086691 0.6671633715534597 0.7804986201740612 0.6687102755947617 0.8122066297478062 0.6703974448093644 0.8130787073326402 0.668836884920714
2 1.0 0.6792065973690125 0.8119396887976227 0.6703721958906583 0.8128438710169047 0.6688652255251883 0.8166914007272417 0.6681109477960554 0.8245036437939156 0.6687902732801141 0.8477705416229228 0.668337389624075 0.8859826001012191 0.6685638314520943 0.9128159567215338 0.6690167151081334 1.0 0.672639784356446
2 0.7805761862558366 0.6686192611318357 0.7344090346325739 0.664745738922192 0.6970087701077278 0.6587178574603123 0.6789316674079532 0.654952036289344 0.6744259944801293 0.6535460106948457 0.6732756099028125 0.6520121645917568 0.6737549368100278 0.6497113954371233 0.6745218598615723 0.6488166518769881 0.6800786486501488 0.6451209069156867 0.6882998302190103 0.6425550945623975 0.6884542223744782 0.6442019442207213 0.6831358392484558 0.6459037470638658 0.6789526226036676 0.6479953553862597 0.6781099479581314 0.6501717742321453 0.679039772950434 0.651713770181627 0.6810433989120207 0.6522303363050502 0.6855207714205886 0.6534654735487931 0.6984291408972784 0.6570706637756458 0.7050726118312823 0.6581954842512445 0.7267943891172844 0.6619860682449276 0.7460934085507676 0.6638387741105418 0.7745654268393566 0.6669128429371333 0.7807922614957532 0.6671787595323908
24 0.5765575342321589 0.2937813454906132 0.5762768212222174 0.28835422729840954 0.5772593167570129 0.2842371031525999 0.5783376776732514 0.28399981716045203 0.579392196869125 0.28553366326354096 0.5811177737351001 0.2875787914009929 0.5840896005598349 0.286556227332267 0.584185465941278 0.2866840478408577 0.5845689274670502 0.28834571445253737 0.5833226775082905 0.2906464836071708 0.5832268121268473 0.29320289377898573 0.5838978697969488 0.2957593039508007 0.5902249849721908 0.3081578932841031 0.5931009464154825 0.3049623805693345 0.5929092156525965 0.30112776531161206 0.5933885425598118 0.29665404751093594 0.5923340233639381 0.2928194322532136 0.5916629656938367 0.2897517400470357 0.5918546964567228 0.2871953298752208 0.5928133502711534 0.28502238122917806 0.5933885425598118 0.28131558648004645 0.5950182540443438 0.28131558648004645 0.5974148885804202 0.2846389197034058 0.5977024847247494 0.28770661190958374 0.59866113853918 0.2900073810642172 0.6000991192608259 0.29102994513294317 0.6024957537969025 0.29205250920166914 0.5997156577350536 0.29754879107107124 0.601920561508244 0.3006164832772491 0.6047965229515359 0.30432327802638076 0.6042213306628775 0.3075187907411494 0.6065220998175109 0.30803007277551236 0.6097815227865749 0.3085413548098754 0.6108360419824487 0.3118646880332348 0.611315368889664 0.31531584176518496 0.6133285418999681 0.3172331493940461 0.6151499841473863 0.3160827648167295 0.6165879648690321 0.3173609699026369 0.6186011378793365 0.3172331493940461 0.6197515224566531 0.3183835339713629 0.6206143108896407 0.32183468770331297 0.6204225801267546 0.3236241748235834 0.6210936377968561 0.32912045669298545 0.6232985415700465 0.3307821233046651 0.6243530607659201 0.327330969572715 0.6251199838174646 0.32541366194385385 0.6252158491989077 0.32375199533217414 0.6260786376318952 0.32630840550398904 0.6277083491164271 0.326819687538352 0.6298173875081746 0.3269475080469428 0.632214022044251 0.3300152002531207 0.6349941181060997 0.32912045669298545 0.6365279642091887 0.33052648228748366 0.6383494064566068 0.3318046873733912 0.6394997910339234 0.3350002000881598 0.6434302716730889 0.33653404619124877 0.6444847908689626 0.33615058466547654 0.6420881563328862 0.33244378991634493 0.6422798870957722 0.33065430279607444 0.6422798870957722 0.3275866105898966 0.6444847908689626 0.32975955923593925 0.645155848539064 0.33078212330466517 0.6457310408277224 0.32950391821875774 0.6454434446833932 0.3274587900813058 0.646785560023596 0.32733096957271507 0.648223540745242 0.32975955923593925 0.6490863291782295 0.3289926361843947 0.6510036368070906 0.3287369951672133 0.6519622906215212 0.3296317387273485 0.6540713290132685 0.3275866105898966 0.6541671943947116 0.32285725177203894 0.6542630597761547 0.32157904668613146 0.6546465213019269 0.3183835339713629 0.6557010404978006 0.31736096990263685 0.6577142135081048 0.32477455940090016 0.6590563288483077 0.3277144310984873 0.6613570980029411 0.3310377643218466 0.6605901749513967 0.33308289245929856 0.6614529633843841 0.33551148212252274 0.6629868094874731 0.3360227641568857 0.6648082517348912 0.3388348153458821 0.6655751747864357 0.33985737941460814 0.6654793094049926 0.3450980202668287 0.6677800785596261 0.3456093023011917 0.6685470016111705 0.3479100714558251 0.6665338286008663 0.3518725072221382 0.666054501693651 0.3546845584111346 0.6661503670750941 0.35775225061731253 0.6654793094049926 0.36222596841798865
24 0.5770632537443245 0.5774999194211813 0.5755193321896459 0.5724470852422331 0.5759404017045583 0.5688913871163065 0.5788878883089448 0.5685171031030511 0.5802914533586526 0.5683299610964234 0.5829582269530975 0.5675813930699125 0.5846425050127468 0.5694528131361897 0.5877303481221041 0.5696399551428174 0.5901164087066074 0.569265671129562 0.5933446083209355 0.5687042451096788 0.5948885298756141 0.5687042451096788 0.5969938774501758 0.5687042451096788 0.6000817205595331 0.5687042451096788 0.6047134852235689 0.5683299610964234 0.6065381197881891 0.5698270971494451 0.6078013283329262 0.5716985172157222 0.6115909539671374 0.5722599432356054 0.6142577275615823 0.5731956532687439 0.6150998665914069 0.5765642093880428 0.6135559450367283 0.5801199075139692 0.6125734495019328 0.5825527536001295 0.6094856063925755 0.5829270376133849 0.5990992250247377 0.5823656115935018 0.5857653570525132 0.5814299015603632
24 1.0 0.5909549180061717 1.0 0.6098729922376463 0.694949761575849 0.5985561196684657 0.6938837543877494 0.6255616351003229 0.6900969735274868 0.6268255057685439 0.6687253937990031 0.6246335488733148 0.664409978661521 0.6268255057685439 0.6590670837293999 0.6273734949923512 0.6512203684134448 0.6256676858379967 0.6454291186618453 0.6271622019029256 0.6395509894530103 0.6263711996152558 0.6399451715374708 0.6240654502753744 0.6442081285887977 0.6229235771418417 0.6448541132976986 0.6193725191671637 0.6450705673321757 0.6174965842016958 0.645055489645613 0.612466127264458 0.6437477880888003 0.6054917189614565 0.6411323849751747 0.6022536008207771 0.6387037963696651 0.5992645686909194 0.6364919602932407 0.5959728322452108 0.6364738621634964 0.5923750794190555 0.63807567612007 0.5913072034480067 0.6452838389246504 0.5891714515059087 0.6524920017292309 0.5859678235927619 0.6588992575555246 0.5747551258967478 0.6613019784903849 0.5715514979836009 0.6702388936193492 0.5670200453280905 0.6694183482553507 0.5600909955876594 0.6710594389833476 0.5520678853618972 0.6724270145900115 0.5465975829352411 0.6740681053180084 0.5444094619645787 0.667777257527354 0.5352922912534852 0.6631275004646963 0.532739483454379 0.6562896224313761 0.5323747966259353 0.6505458048833873 0.5334688571112665 0.6475371385487264 0.5316454229690478 0.6483576839127249 0.5283632415130542 0.6541015014607138 0.5261751205423918 0.6595718038873698 0.5254457468855043 0.6711169318618518 0.5187932391670823 0.656700606252691 0.5123859833407886 0.6571010597418343 0.5075805414710683 0.666711943481275 0.5065126655000193 0.6747210132641421 0.502775099601348 0.6767232807098589 0.4883587739921871 0.6619065016115546 0.4846212080935157 0.6530965248504007 0.47981576622379546 0.6478906294915371 0.467001254571208 0.6306711294583727 0.45525461888966945 0.6338747573715195 0.4488473630633757 0.6374788387738097 0.4403043552949841 0.6378792922629531 0.4328292234976414 0.6306711294583727 0.4253540917002987 0.6326733969040894 0.41467533198980916 0.6478906294915371 0.42108258781610286 0.6563001527635476 0.43015953357001896 0.6651101295247015 0.4387025413384107 0.6727187458184253 0.4397704173094596 0.6631078620789846 0.42642196767134766 0.6575015132309776 0.41787895990295604 0.6695151179052784 0.4194807738595294 0.6659110365029882 0.4109377660911378 0.656700606252691 0.40399657227931945 0.6571010597418343 0.3975893164530257 0.6643092225464148 0.39278387458330544 0.6735196527967121 0.3949196265254033 0.6771237341990023 0.3869105567425361 0.6787255481555756 0.36448516135050796 0.6883364318950163 0.3602136574663121 0.6907391528298765 0.3570100295531651 0.6875355249167296 0.35006883574134684 0.6827300830470093 0.34045795200190626 0.6895377923624465 0.32924525430589224 0.6971464086561702 0.3217701225085496 0.7023523040150338 0.3180325566098782 0.704755024949894 0.31696468063882927 0.7115627342653311 0.3201683085519761 0.7151668156676213 0.3308470682624657 0.7099609203087576 0.3441955179005776 0.7115627342653311 0.3559421535821161 0.7191713505590548 0.35861184350973857 0.7239767924287752 0.3532724636544937 0.7279813273202087 0.34099188998743074 0.7311849552333556 0.3473991458137245 0.7299835947659256 0.3644851613505078 0.7311849552333556 0.37409604508994837 0.7407958389727963 0.3730281691188994 0.74840445526652 0.3821051148728155 0.74960581573395 0.3922499365977806 0.7544112576036704 0.4023947583227457 0.7672257692562579 0.39919113040959886 0.7732325715934083 0.3943856885398786 0.7676262227454013 0.3895802466701582 0.7676262227454013 0.37409604508994837 0.7668253157671145 0.3623494094084099 0.7780380134631286 0.35807790552421404 0.7804407343979887 0.3495348977558224 0.7824430018437055 0.33458463416113704 0.7888502576699993 0.3271095023637943 0.8004634088551567 0.32657556437826984 0.8000629553660134 0.3105574248125355 0.8008638623443 0.298810789130997 0.7992620483877266 0.2881320294205074 0.7944566065180062 0.2817247735942137 0.8032665832791601 0.27798720769554236 0.807671571659737 0.28439446352183606 0.8160810949317476 0.28119083560868924 0.8204860833123245 0.29240353330470326 0.823289257736328 0.2908017193481298 0.8304974205409086 0.28119083560868924 0.8304974205409086 0.30895561085596207 0.844513292660926 0.3020144170441439 0.860130978737517 0.2966750371888991 0.8761491183032515 0.29827685114547253 0.8785518392381115 0.2886659674060319 0.8749477578358213 0.27424964179687106 0.8801175593768042 0.2526194890741299 0.8861348920461258 0.245799845382232 0.8855331587791938 0.24098597924677465 0.8915504914485154 0.24018366822419843 0.8966652242174389 0.24098597924677465 0.8975678241178372 0.2466021564048082 0.8987712906517014 0.25101486702897746 0.9026825568867605 0.2486079339612488 0.9026825568867605 0.2449975343596558 0.9093016228230144 0.24459637884836768 0.9135137556915396 0.2357709576000292 0.9222388880620562 0.23416633555487673 0.928256220731378 0.23456749106616487 0.9330700868668356 0.22734669186297884 0.9360787532014965 0.22534091430653824 0.9451047522054793 0.22935246941941936 0.9442021523050809 0.238579046179046 0.9442021523050809 0.24379406782579144 0.9420960858708184 0.25743335520958727 0.9454056188389452 0.25903797725473976 0.9514229515082672 0.2538229556079942 0.9565376842771909 0.2417882902693509 0.9628558835799788 0.23817789066775785 0.9694749495162328 0.24098597924677465 0.9786684226569216 0.2389802016903341 0.9807744890911841 0.2466021564048082 0.9810753557246502 0.25141602254026557 0.9873935550274381 0.2425906012919271 0.994614354230624 0.2389802016903341 1.0 0.2428623521470392
49 0.6243327821385415 0.5895219247951456 0.630888103228336 0.5898233188682397 0.6358611054343869 0.5928372595991797 0.6385736520922329 0.5967553825494016 0.6417382898597199 0.6009748995727175 0.6437726998531045 0.6048930225229395 0.6451289731820274 0.6124278743502894 0.6451289731820274 0.6184557558121694 0.6445196890348456 0.6225667250134496 0.6427270064018603 0.6241133531673976 0.6399852564925887 0.6243945582862972 0.6395634488142392 0.6263629941185948 0.6388252853771278 0.6286126350697919 0.6377707661812541 0.6295968529859406 0.6352399201111572 0.6300186606642901 0.6287019010967405 0.6287532376292417 0.627723465460849 0.6226752728354854 0.625010918803003 0.6033860521574695
36 0.5116666240959067 0.6046230391787314 0.5116666240959067 0.5880741179314873 0.5125946009882756 0.5880741179314873 0.5127105980998217 0.6046230391787314
49 0.5737806310608722 0.6305524009229624 0.5727348268996753 0.6321792073959355 0.5709046696175805 0.6332250115571324 0.5682030088678215 0.634038414793619 0.5656756488115954 0.6339222143312638 0.5638454915295006 0.6333412120194877 0.5624510859812378 0.631946806471225 0.5618601112713366 0.6309921705848094 0.5614434372549683 0.6299604063538019 0.561086288098081 0.6293254745193358 0.5608307269547748 0.6283254032731227 0.5576051047435189 0.6283254032731227 0.5558247971267896 0.6188072363195073 0.6037144349844774 0.5830672226787507 0.6082383223347755 0.5826032342325662 0.6132741165380377 0.5826492618864276 0.6195578772655796 0.5826492618864276 0.6224450105728286 0.5828757037144472 0.6248226497670337 0.5842343546825642 0.625671806622107 0.5860458893067206 0.6262178746244214 0.5878617699559894 0.6292337995246201 0.59141901471007 0.6327137128710032 0.5965228876180985 0.634917657990379 0.600853446449153 0.6357296377712018 0.6037920399416543 0.6363096233289324 0.6087412500342881 0.6372376002213012 0.6109065294498154 0.6377015886674855 0.6150824254654751 0.6373535973328472 0.6189489958503451 0.6363096233289324 0.6209596124504776 0.6348016608788329 0.6223515777890308 0.6328297099825493 0.6232795546813996 0.6317857359786343 0.6242075315737684 0.6310897533093577 0.6263728109892958 0.6294657937477123 0.6296207301125866 0.626797860182152 0.6327139864204827 0.6248259092858681 0.633177974866667 0.619026053708563 0.633177974866667 0.6165901143660949 0.6303940441895607 0.6146181634698111 0.6273007878816645 0.6136901865774423 0.6268367994354801 0.6106742616772436 0.6280741019586386 0.5925266706503287 0.630359275754528
49 0.5132242865858059 0.6087159234538546 0.5137337806988498 0.6014697849572296 0.5169605767481281 0.5989789248490147 0.5210365296524797 0.5958087392567413 0.5323548782133237 0.5870373934061004 0.5356723956035422 0.5851659733398233 0.5414142526250743 0.5822737786919405 0.5495804492779202 0.5787010676563203 0.5517495952638323 0.5768296475900432 0.5526427730227372 0.574958227523766 0.5566551648458287 0.5739626592691623 0.5692226863009127 0.57509486840926 0.5773745921096158 0.57509486840926 0.5834885214661432 0.5748684265812405 0.588923125338612 0.5748684265812405 0.5933387409849928 0.5760006357213381 0.5957163801791979 0.5775857285174749 0.6025433986153974 0.5785143479635402 0.6054960523638437 0.5787955530824398 0.6078159945947658 0.579498565879689 0.6090814176298142 0.5803421812363879 0.6088705137906394 0.5816076042714363 0.607722195112293 0.5823185892338061 0.608882166227754 0.584793194280123 0.6139860391357825 0.59113436971131 0.6150300131396975 0.5940729632038112 0.6163059813667044 0.6001048130042084 0.6175819495937116 0.6100032331894758 0.6176979467052578 0.6132511523127666 0.6182779322629883 0.6155710945436886 0.6176979467052577 0.6229949096826388 0.6160739871436123 0.6248508634673765 0.6143340304704208 0.6259335031751402 0.6118308030310263 0.6267143870323943 0.6102490242372158 0.6306512586969892 0.6081399858454685 0.6336039124454355 0.6070854666495948 0.634025720123785 0.6024455821877508 0.6344475278021344 0.5945366882186983 0.6348693354804839 0.5925331017465384 0.6330415022076362 0.5908458710331405 0.6320572842914876 0.5896858999176795 0.6327602970887366 0.5883150249630437 0.6341663226832348 0.5854678231341848 0.6351505405993836 0.5790352560393555 0.6350099380399338 0.5776643810847197 0.6334633098859856 0.5747117273362734 0.6281204126268924 0.5582604686268232 0.6276784144210059 0.5207431748481326 0.6145036171544149
24 0.3270662603411283 0.6203612761981456 0.32616366044073 0.6091289218820785 0.32676539370766217 0.599902345122452 0.32676539370766217 0.5974954120547233 0.32826972687499256 0.5914780793854016 0.3270662603411283 0.5838561246709275 0.3255619271737978 0.5746295479113009 0.32616366044073 0.560589105016217 0.33037579330925515 0.5561763943920478 0.33157925984311953 0.5537694613243191 0.340605258847102 0.553368305813031 0.3484277913172202 0.5545717723468953 0.3637719896239905 0.5541706168356072 0.3694884556598461 0.5525659947904548 0.37610752159609995 0.5497579062114379 0.38001878783115906 0.5529671503017428 0.3803196544646251 0.5593856384823526 0.37911618793076074 0.567408748708115 0.3818239876319555 0.5754318589338772 0.38152312099848945 0.5838561246709275 0.3857352538670146 0.58546074671608 0.3971681859387259 0.58546074671608 0.4083002513769709 0.585861902227368 0.4251487828510717 0.5862630577386562 0.43959038125744376 0.5846584356935037 0.4537311130303497 0.5838561246709275 0.47027877787098427 0.5814491916031987 0.4811099766757634 0.5802457250693345 0.48953424241281374 0.5806468805806226 0.4973567748829319 0.5850595912047918 0.5039758408191857 0.5906757683628254 0.5069845071538466 0.5946873234757065 0.5081879736877108 0.6047162112579093 0.5047149591554113 0.6342929780207115 0.5017431323306764 0.6342929780207115 0.5001134208461444 0.6378719522612524 0.4955118825368775 0.6386388753127968 0.48333697909360884 0.6379997727698431 0.4428999142255707 0.6364074966496701 0.35745379032120284 0.6340005635819415
8 0.596139171130117 0.6399216457182382 0.6549613063951456 0.6329463527439325 0.6652796786564841 0.6325485909153005 0.6758092236593921 0.6300577308070856 0.6786963569666412 0.629831288979066 0.6942128530021956 0.626841872378486 0.6950620098572688 0.6243510122702711 0.6843626334833459 0.6252567795823493 0.6730919217231579 0.6282461961829293 0.6652796786564841 0.6307370562911442 0.6550897963956052 0.6311899399471833 0.6494853611521216 0.6318692654312419 0.6384463220361695 0.6330014745713395 0.6335212122767447 0.6341336837114372 0.621802847676734 0.6357187765075739 0.60923532622165 0.6363981019916325 0.5992152753317858 0.6368509856476716 0.5929118141652059 0.6362497825942798
51 0.34141606337749075 0.6297368959402154 0.34197127597868365 0.6263684590782207 0.34135370735681214 0.6181342107866014 0.3422918454010242 0.6024717407641601 0.3492363532463794 0.6024282055951666 0.3529331190169019 0.6029008514471056 0.3537050797942412 0.6078414004220772 0.35339629548330553 0.6185459232011824 0.35524900134891985 0.6218396225178301 0.356211772420287 0.6242570037021428 0.35826673200956427 0.62480499292595 0.36422611481846834 0.6272709444330827 0.37059648954522784 0.6327508366711554 0.37285694509343287 0.6349427935663845 0.3745009127648546 0.6363127666259026 0.3765980073769242 0.6415983118900925 0.37800157242663207 0.6466511460690407 0.3754751553371579 0.6487097081419456 0.37603658135704104 0.6505811282082228 0.37543074017604156 0.6518417335940868 0.37412119326745524 0.6524766654285529 0.3743592927053801 0.6545401938905677 0.37501406615967325 0.6566037223525825 0.3753116904570792 0.6578735860215147 0.37709743624151504 0.6587466172939056 0.3777522096958082 0.6583497848973642 0.3791212814638757 0.6577148530628981 0.3801810524509345 0.6579044414275816 0.3803843338507063 0.6597475261188465 0.38042499013066067 0.660777485211024 0.3800590836110713 0.6618074443032013 0.37928661429193833 0.6625121531557437 0.3781075821732615 0.6628374033953788 0.37676592493476724 0.6630542368884687 0.37611542445549734 0.6633252787548313 0.3761531616145507 0.6707812664606875 0.3751990852618142 0.67745028092065 0.37232312381852245 0.6836089054254769 0.3690114106413985 0.6872111197584888 0.36639690023840593 0.6887217257691066 0.3623879842871507 0.689418928543238 0.35881482006972754 0.6894189285432379 0.3563746103602678 0.6884893248443961 0.35419585169110734 0.6867463179090677 0.3383742273947378 0.6514077028826696
36 0.29820338780895733 0.6155952753338741 0.29891255196818234 0.5854309902038487 0.3008775430377733 0.5854309902038487 0.3010793492522491 0.6084373268527924 0.3004082915821477 0.6152118138081019
2 0.5137467123814181 0.644938513125149 0.5159794898605577 0.644746446245223 0.5313145051248979 0.6414727711660596 0.5369189403683812 0.6398876783699231 0.5819242536872631 0.6362646091216105 0.5929974887516991 0.6355840927338735 0.5957141348092551 0.636613511943182 0.5967863038920427 0.6397762461940057 0.5347804048602351 0.6462520020300274 0.5154753143007521 0.6477234828840759 0.513626803633801 0.6476113580138891
24 0.0 0.5982342266890006 0.0 0.0 0.3330505673793806 0.0 0.34310492413045623 0.020108713502151283 0.3456185133182251 0.04356887925466111 0.3393345403488029 0.06702904500717093 0.3594432538509541 0.0569746882560953 0.37326799438368313 0.07205622338270876 0.36824081600814534 0.0955163891352186 0.3657272268203764 0.1189765548877284 0.39714709166748774 0.1072464720114735 0.39714709166748774 0.1390852683898797 0.3908631186980655 0.1625454341423895 0.384907968758234 0.16491770455629684 0.3779789220355865 0.16776039039122917 0.3790449292236861 0.17699911935475923 0.3843749651641842 0.1869485197770224 0.3865069795403835 0.1976085916580186 0.3758469076593872 0.20258329186915017 0.37371489328318797 0.20613664916281557 0.36358782499624154 0.20471530624534942 0.384907968758234 0.2068473206215487 0.39183701548088157 0.209690006456481 0.39716705142137965 0.21608604958507877 0.3998320693916287 0.22390343563114265 0.39929906579757896 0.23527417897087194 0.4040960981440272 0.24593425085186815 0.4067611161142763 0.2558836512741313 0.4051621053321268 0.2651223802376614 0.3998320693916287 0.270097080448793 0.38810599032253285 0.2651223802376614 0.38277595438203477 0.2651223802376614 0.3843749651641842 0.2722290948249922 0.3897050011046823 0.2885745383758531 0.3833089579760846 0.2949705815044508 0.376379911253437 0.2949705815044508 0.3854409723522838 0.3042093104679809 0.3847094993756684 0.3140564066071333 0.3813999664075414 0.3189103882937195 0.3747809004712876 0.32155801466822104 0.3737880405808495 0.32817708060447487 0.3777594801426018 0.3356786886655626 0.3823928262979795 0.3436215677890673 0.3849041965219545 0.3501165525253744 0.382232749055894 0.35450046631583254 0.3795613015898336 0.3536784824801216 0.38017778946661673 0.36025435316580895 0.38017778946661673 0.3657342454038816 0.3820272530969663 0.3690221807467252 0.3832602288505327 0.37779000832764154 0.38264374097374954 0.3818999275061961 0.38017778946661673 0.3829959059538106 0.38016832305834053 0.3856301457610488 0.3831030499804569 0.3890327276997345 0.3851445991436684 0.3917547932506831 0.38744134195228125 0.39413660060776307 0.3888449070019891 0.39838982803112016 0.3876965355976827 0.39787944074031734 0.3887173101792884 0.4023027972606088 0.38807932606578477 0.40434434642382017 0.3862929705479748 0.40536512100542593 0.3815718881080484 0.40621576649009733 0.3805511135264427 0.4016222808728716 0.37927514529943557 0.3977093116433831 0.37417127239140696 0.39753918254644877 0.37225732005089623 0.3948171169955002 0.3713641422919913 0.3927755678322888 0.3694501899514806 0.39566776248017166 0.36779143125637126 0.3987300862249888 0.3694501899514806 0.40315344274528014 0.3713641422919913 0.4065560246839659 0.37113715009634307 0.4160113966856137 0.3612733440678122 0.4192993320284573 0.3586018966017518 0.4179293589689392 0.34965121570270835 0.4307645502506774 0.3457493628924667 0.4359670206643329 0.34184751008222514 0.4588578904844173 0.32936158108945185 0.46822233722899714 0.303609352541857 0.4640603608980728 0.28800194130089046 0.4651008549808039 0.2771957696941934 0.47910791994876145 0.2496252112260155 0.4811222073254319 0.23025451970931413 0.47446530172538376 0.23889524470958276 0.48730719500089537 0.25413914749940736 0.49512458104695917 0.2588295791270457 0.5037237056976295 0.26410631470813883 0.5193584777897573 0.266451530521958 0.5279576024404276 0.26762413842886756 0.5373384656957043 0.25820107465680775 0.5532133108680689 0.2578370260303138 0.561950477903924 0.26329368830267036 0.568135743929237 0.26125571185049445 0.6011962508200891 0.25395296289686453 0.6100274821128508 0.22270399063016882 0.6172736206094758
34 0.2594776383276282 0.5820515168245969 0.25785367876598275 0.6067975672877656 0.2635375372317418 0.6100454864110565 0.2641175227894723 0.5834434821631501 0.2634215401201957 0.5820515168245969
51 0.268820211122715 0.6114985404050344 0.27025174813269615 0.6073288778656468 0.27198484889020197 0.6027581122853084 0.27356716777394546 0.5961274426772404 0.27582762332215044 0.5937162900924884 0.27785608921754945 0.5925402747514792 0.2809439323269067 0.5913051375077364 0.28217906957064953 0.5911128916282005 0.2825618600387517 0.5786934675519976 0.2825618600387517 0.5712654343362636 0.2830891196366886 0.5695782036228658 0.2845654465109117 0.5691563959445163 0.2858308695459601 0.5712654343362636 0.2861472253047222 0.5726714599307619 0.2868853887418338 0.5753429085603085 0.2872017445005959 0.5778737546304052 0.2869908406614211 0.5795609853438032 0.2862526772243096 0.5804046007005021 0.2849872541892612 0.5794203827843533 0.2842490907521496 0.5794203827843533 0.2840381869129749 0.5806858058194017 0.2833000234758633 0.5916528054564879 0.28509270610884857 0.5916528054564879 0.2862526772243096 0.5912309977781385 0.2864635810634843 0.5903873824214394 0.287518100259358 0.5901061773025398 0.28804535985729485 0.5909497926592387 0.28793990793770746 0.5922152156942871 0.2877290040985327 0.5936212412887855 0.28919129532225873 0.5979139358505802 0.2895000796331945 0.5950319489485134 0.29058082472146957 0.5905031123881227 0.29150717765427675 0.5894738313516703 0.29256722348939057 0.5900624179514238 0.2930465503966059 0.5923631871060573 0.29285481963371957 0.5941526742263276 0.2918003004378459 0.5955586998208259 0.2910333773863014 0.5969647254153241 0.2905540504790861 0.5987542125355945 0.2944845311182516 0.5992654945699575 0.2963059733656697 0.6007993406730465 0.29812727156292795 0.6009549148457863 0.30036004904206764 0.6031636839649352 0.3011523249217623 0.6049883193242322 0.3026648516011795 0.6067169212435661 0.30367320272079096 0.6056605534039732 0.30381725288073547 0.6027795502050833 0.30367320272079096 0.6021073161253423 0.3029529519210685 0.5999945804461564 0.30316902716098526 0.5992263129264525 0.30396130304068 0.5989382126065634 0.3041773782805967 0.5977858113270075 0.3033130773209297 0.5945206743682657 0.30316902716098526 0.5921198383691908 0.3034674702823581 0.5884466841340783 0.3049437971565812 0.5869000559801302 0.3070528355483286 0.585494030385632 0.3087400662617264 0.585494030385632 0.309478229698838 0.5885872866935281 0.3088455181813138 0.591821145560874 0.3065255759503917 0.5943519916309707 0.3048383452369939 0.5935083762742718 0.3048383452369939 0.5926647609175729 0.3037838260411202 0.5930865685959223 0.3044165375586444 0.5947737993093202 0.3050492490761686 0.5970234402605175 0.3052601529153433 0.5984294658550156 0.30800190282461487 0.5982888632955659 0.31127091233182325 0.5973046453794171 0.31274723920604636 0.5954768121065693 0.3147508256782063 0.5923835557986732 0.31601624871325473 0.5930865685959223 0.31616584480435705 0.5944470263231583 0.31328484160546716 0.597904230161826 0.3129967412855782 0.6007852333607159 0.31206041524593897 0.6024178018400869 0.3079549856875209 0.6061631059986436 0.30723473488779846 0.6078917079179776 0.3105478885665218 0.6076036075980886 0.31177231492604995 0.6076036075980886 0.31301779421645404 0.6074137590906257 0.31626612532320236 0.6078363062264629 0.3192767736660423 0.6091039476339748 0.3222874220088822 0.612061777584835 0.32403042894421064 0.6142801500479802 0.3264072565832948 0.6154421546715324 0.32815026351862314 0.6150196075356953 0.33955903618622707 0.6152308811036139 0.3416189534734333 0.6160759753752882 0.34746937130510475 0.6264534636576501 0.35295603468123543 0.6330884984380872 0.35818750441196473 0.6385326295399844 0.3590131929423339 0.640136904743307 0.36038406789696964 0.6411211226594556 0.3599622602186202 0.6433707636106529 0.36312581780624115 0.6487136608697461 0.3646021446804643 0.6532129427721404 0.3657257348836678 0.6566915906954887 0.36277824827928135 0.6598730048081598 0.360392187694778 0.6639901289539696 0.35800612711027463 0.68195576159023 0.3551989970108589 0.6866343117559228 0.35183044089156007 0.6901900098818494 0.3494443803070567 0.6922485719547542 0.3470583197225534 0.6931842819878928 0.3427072680684591 0.6935585660011482 0.339479068454131 0.6931842819878928 0.3359701558298614 0.6903771518884771 0.33077696514594235 0.6834528976432517 0.27305811890342 0.6220998224067062
44 0.2972564947595221 0.552852741783577 0.3063253598440356 0.553696357140276 0.3069580713615598 0.5555241904131236 0.30643081176362297 0.5860349458137349 0.3050599368089872 0.5873003688487833 0.29651833132241057 0.5868785611704338
51 0.23368439314306508 0.6145069139344238 0.23436371862712368 0.6074872172658183 0.2355525382242262 0.6034112643614667 0.2379301774184313 0.6015997297373105 0.24064747935466574 0.6002410787691932 0.2454027577430759 0.5997881951131542 0.24896921653438356 0.5986559859730565 0.25185634984163263 0.5966180095208807 0.2525356753256912 0.5948064748967244 0.251177024357574 0.5891454291962361 0.2510071929865594 0.585295918119904 0.2508373616155447 0.5812199652155524 0.25185634984163263 0.5789555469353571 0.2521960125836619 0.5794084305913961 0.2525356753256912 0.5830314998397087 0.25202618121264725 0.5868810109160407 0.2523658439546766 0.5902776383363337 0.2542339890358377 0.5929949402725683 0.2559323027459842 0.5918627311324705 0.2578004478271454 0.5857488017759431 0.2576306164561307 0.5816728488715915 0.25525297726192564 0.5800877560754548 0.2530451694387352 0.5762382449991228 0.2540641576648231 0.5692185483305172 0.2544038204068524 0.5658219209102242 0.2564417968590282 0.5649161535981461 0.2586496046822186 0.5678598973624 0.2593289301662772 0.5739738267189274 0.2596685929083065 0.5809935233875329 0.2596685929083065 0.5895983128522753 0.25746078508511605 0.594580033068705 0.26204623210251166 0.6011468460812713 0.2635747144416435 0.6102045192020528 0.28735890164362404 0.6245537076041775 0.29705625594542345 0.6232275736825639 0.3037698089235923 0.6202437723589332 0.31371581333569426 0.6195807053981265 0.3211753166447707 0.6195807053981265 0.3258996687405192 0.6182545714765129 0.32788886962293956 0.6202437723589332 0.3263969689611243 0.6238906406433706 0.324905068299309 0.6262113750061944 0.33012672061566234 0.6321789776534557 0.333607822159898 0.6404673146635407 0.33733757381443624 0.6490871851540291 0.338580824365949 0.6550547878012902 0.33783487403504137 0.6583701226053242 0.3410673254689745 0.6669899930958126 0.34255922613078976 0.675609863586301 0.3375862239247388 0.6795882653511418 0.3368402735938312 0.6878766023612267 0.3321159214980828 0.7004748746165559 0.32216991708598075 0.7061109437834137 0.3117266124532737 0.7044532763813968 0.30675361024722275 0.6958334058909084 0.29755355616602835 0.6898658032436472 0.287856201864229 0.6938442050084879 0.28487240054059837 0.6915234706456641 0.28238589943757286 0.6892027362828403 0.2804504332009416 0.6892070613217555 0.2801107704589123 0.6932830142261072 0.26703375489078424 0.6937358978821462
44 0.23408568650707737 0.6304886648284057 0.23572677723507418 0.6082427682933377 0.23818841332706941 0.6071487078080064 0.28687410492430854 0.607878081464894 0.2885151956523054 0.6129836970631064 0.28885480574660966 0.6616741835660538 0.2866130316492163 0.6661577317608405 0.28100859640573284 0.666904989793305 0.2561622668262895 0.6654104737283761
36 0.22627215800771588 0.6058770226977773 0.23031008909546422 0.4428301732233026 0.23422135533052332 0.4420278622007264 0.23344139414022827 0.4752316679791164 0.23645006047488912 0.4748669811506727 0.2500419710089403 0.48320167565300526 0.289785509134786 0.4734082338368978 0.2938882359547781 0.4737729206653415 0.2933412057121125 0.45918544752759194 0.2938882359547781 0.44715078218894855 0.29799096277477016 0.449338903159611 0.2985379930174358 0.48289009137643496 0.29714291784814073 0.6017924983648426 0.2971890164390224 0.6620417664757653 0.2969155013176895 0.7116391751441139 0.2925392593763646 0.7120038619725576 0.29089816864836776 0.7109098014872264 0.29281277449769744 0.6128090446358604 0.2927666759068159 0.47779897669397126 0.28871004767770536 0.47787491811167654 0.2492984332994976 0.4827314526060618 0.24569736924968957 0.5999260442214682 0.24263504550487244 0.6002663024153368 0.24628976696483673 0.4816373921207306 0.23648962732067183 0.4797711650018529 0.23368740969893012 0.4795220789910314 0.23095225848560205 0.6090862349337177
49 0.0 0.7734730025219139 0.0 0.5597817988348001 0.0026476263745015484 0.5575754435227155 0.028414468750268373 0.5546047829806718 0.045819976471446845 0.5530978126152019 0.04921065979375434 0.5530978126152019 0.04966275090339534 0.5494810837380738 0.04242929314913935 0.5184374942093919 0.04378556647806235 0.5184374942093919 0.052601343116061836 0.5470699311533218 0.054861798664266825 0.5524950244690139 0.05870457309621532 0.5515908422497318 0.1227535864541627 0.5514277880561881 0.15855671583662684 0.5558404986803572 0.1833890119102205 0.561660390832341 0.18818335151396398 0.5633134161768832 0.19854306514585768 0.5698802291894497 0.2107709238589125 0.5802965532783483 0.22486692765312852 0.5966003648957544 0.23267917071980243 0.6067902471566334 0.23641546088212473 0.6106397582329655 0.24151040201256424 0.6101868745769264 0.2471148372560477 0.6131306183411803 0.24881315096619422 0.6160743621054343 0.2487773963860488 0.6200877425714136 0.2487773963860488 0.6236899569044256 0.2494745991601801 0.6255491643021092 0.25418071788556673 0.6283379753986347 0.26333419811325937 0.6357405014508773 0.2678256062723245 0.6439747497424967 0.2698894083214152 0.6527124100319447 0.2732520694675053 0.6636721945080901 0.27549384356489864 0.6773719251032716 0.276054287089247 0.6885807955902385 0.2747465855324342 0.7067640743802072 0.27362569848373747 0.7187202028996384 0.26839489225648633 0.7344126215813922 0.26559267463474456 0.737899825732893 0.25699920726140324 0.7418852019060368 0.25102114300168754 0.7418852019060368 0.2476584818555975 0.7408888578627508 0.24485626423385576 0.738397997754536 0.24317493366081075 0.7361562236571426 0.24111997407153343 0.7326690195056418 0.2394386434984884 0.7294309013649625 0.23644961136863057 0.726192783224283 0.15910840500855886 0.7498559542523244 0.15562669743805882 0.7560357114257545 0.1545992176434202 0.7634335659471527 0.149461818670227 0.7809692211089854 0.14494090757381703 0.7900110433018054 0.13610458133992465 0.7976828924351071 0.11843192887214014 0.8009708277779508 0.10980109859717561 0.8015188170017581 0.10409985517926532 0.7992059736837571 0.09988772231074014 0.78797361936769 0.09447212290835061 0.7647065997129794 0.07732272480078378 0.7647065997129794 0.06408459292827605 0.7679158438032843 0.05265166085656483 0.7711250878935892 0.040316128884455356 0.7731308654500297 0.033095329681269325 0.7715262434048773 0.02363203527668857 0.7674451210600339 0.013562733289229962 0.7707330564028776 0.005342894932120894 0.771829034850492
44 0.23905020249849518 0.4619864772470619 0.23661542281572973 0.47732098961624403 0.2364286083076136 0.48155545180020926 0.23923082592935535 0.48603899999499606 0.28761578353142914 0.48429539791924564 0.2904180011531709 0.4793136777028159 0.2900443721369386 0.44693249629602255 0.2855047051229594 0.4438578908570271 0.28021720075919926 0.44536860638953 0.2726636230966847 0.4499007529870387 0.26548772431729595 0.44234717532452417 0.26322165101854156 0.44738289376620055 0.26737611873292455 0.4685329112212411 0.26435468766791875 0.47910791994876145 0.25717878888852996 0.4786043481045938 0.2534020000572727 0.4735686296629175 0.2496252112260155 0.46148290540289433
3 0.6924167187466697 0.6350125422106301 0.6920770560046404 0.6320687984463761 0.6922129667213097 0.5954185039739486 0.6923155075402975 0.5916267091438876 0.7505742283841849 0.592356082800775 0.8348168857546886 0.5927207696292188 1.0 0.5934501432861061 1.0 0.6206078643052613 1.0 0.6353541017251262 1.0 0.6507059753517731 0.8288346166710422 0.643776925611342 0.7686579612829533 0.6414417465243085 0.724300724475863 0.6396998880506339 0.6939452010858016 0.6356918676946887
45 0.9999719056606524 0.7354544559569589 0.924249791349908 0.7359398541256175 0.9198812078319805 0.7306004742703727 0.9202452564584744 0.7242902980778106 0.9271621803618598 0.7242902980778106 0.9294218535248636 0.7243350702340926 0.9281003570106906 0.6796978546442463 0.9259761087830627 0.6807395974887024 0.9249815083418526 0.6893594679791908 0.9182679553636837 0.6863756666555602 0.9197598560254988 0.6631683230273222 0.9215004067976168 0.6618421891057087 0.9244842081212473 0.6562061199388508 0.9257274586727601 0.6459285820463455 0.9205058063564067 0.5358594665524171 0.9224950072388269 0.5288972634639456 0.9282139597757857 0.5235927277774912 0.9292085602169958 0.5308864643463661 0.9355888372576717 0.654178899459965 1.0 0.7140867414358115
44 0.9198496802155928 0.5363582194557927 0.9293149445044359 0.5271356542512788 0.9242182637335203 0.4271436315076038 0.9165732425771471 0.43199761319418994 0.9165732425771471 0.44607416008528983
24 0.6117548430961202 0.47951842901494446 0.611522848873028 0.4745692189223108 0.611522848873028 0.47209461387599394 0.6127442984576084 0.47091453659453164 0.6147092895271994 0.46941740054151004 0.6169549936067319 0.472037388634298 0.6203235497260308 0.46960454254813766 0.6222885407956217 0.4667974124487221 0.6232710363304171 0.4649259923824449 0.6248149578850958 0.4667974124487221 0.6276220879845115 0.4641774243559341 0.6290256530342194 0.46604884442221123 0.6301485050739856 0.46885597452162686 0.6312713571137518 0.472037388634298 0.6308502875988395 0.4740959507072028 0.6337977742032259 0.47540594475359677 0.6359031217777877 0.4742830927138305 0.6380084693523494 0.4763416547867353 0.6403945299368528 0.47896164287952325 0.6394120344020573 0.48457590307835463 0.6385698953722326 0.4886930272241643 0.6363241912927 0.4871958911711426 0.6347802697380215 0.48476304508498236 0.6323942091535182 0.4842016190650992 0.6323942091535182 0.4871958911711426 0.6363241912927 0.49262300936334624 0.6380084693523494 0.4993601216019438 0.638289182362291 0.5038515297610088 0.637025973817554 0.5032901037411256 0.6346399132330507 0.50048297364171 0.631131000608781 0.4937458614031124 0.6288852965292486 0.4888801692307918 0.6284642270143362 0.4860730391313762 0.6236921058453295 0.4843887610717268 0.62018319322106 0.48270448301207736 0.6152347564425033 0.4813743827996821
36 0.7040228035266359 0.6517720392326904 0.7026224863960512 0.6512034987232992 0.7037006958449871 0.6498892431411488 0.7038576236397942 0.6491449366503944 0.702788565500171 0.5472040751545355 0.7044757962135688 0.546782267476186 0.7053194115702678 0.5477664853923347 0.706173505971812 0.6491449366503944 0.7068067342037424 0.6503800738941372 0.7081806039928942 0.6505859301014278 0.7068067342037424 0.6516173764172957
44 0.700501857734049 0.565449908634671 0.7064177104229002 0.5657592342654606 0.7065337075344463 0.5716364212504631 0.7007338519571413 0.5711724328042787
44 0.7007724753560736 0.5710635839832596 0.7066419292003063 0.5708934548863254 0.7065143323776056 0.5882466227736225 0.7010276690014751 0.5879063645797539
36 0.6979882763039293 0.5409504163705936 0.6974909760833243 0.47199145244668644 0.6992315268554421 0.4723229859270898 0.7004747774069549 0.5409504163705936
29 0.7207068268740878 0.6518008393705856 0.7205461258252012 0.6466224884266187 0.7218624056251679 0.6460332444289916 0.7208078864292942 0.6287391296166633 0.7180135177420593 0.6288249240026865 0.7167503091973224 0.6263920779165263 0.71632923968241 0.6248949418635045 0.7181538742470301 0.6220878117640888 0.7191363697818257 0.6194678236713008 0.7205399348315336 0.6131049954459585 0.7247506299806572 0.6127307114327031 0.7269963340601897 0.6127307114327031 0.7279788295949852 0.6175964036050237 0.7286806121198391 0.622649237783972 0.7286806121198391 0.6263920779165263 0.7276981165850436 0.6306963440689637 0.7271366905651605 0.6320063381153577 0.7276091343379882 0.6427255832606426 0.7275132689565451 0.6456654549582297 0.728855384296748 0.6459210959754111 0.7297181727297356 0.6474549420785003 0.7294305765854064 0.6518008393705856 0.7280884612452037 0.6528234034393117 0.7273215381936592 0.6537181469994469 0.7231993267916075 0.6538459675080376 0.7230075960287213 0.6524399419135394
36 0.4783027819372354 0.6440086096933951 0.479013366979456 0.5348283632524644 0.4795237542702589 0.5338075886708586 0.4805445288518646 0.5331270722831215 0.4815653034334703 0.5343179759616615 0.47999001265063324 0.6438680071339453
44 0.5094143788394193 0.5646328031968225 0.5091336658294777 0.5872769859987759 0.5098868226122469 0.5883906605260253 0.514775957065843 0.5886463015432067 0.5145842263029569 0.5658942510140538 0.5133379763441971 0.5646160459281463
17 0.0 0.8646927304587586 0.3133932315588572 0.7190414909789502 0.31174926388743535 0.717671517919432 0.3070228568320977 0.717671517919432 0.0 0.8552282164302315
53 0.23784676641459193 0.7879766135060461 0.2526814875504061 0.7875453239115145 0.2575267121744129 0.7859948520318324 0.25927099303905543 0.7839275561922561 0.2573329031894527 0.7821186723326269 0.24163437540767052 0.7818602603526799 0.23407582499421986 0.7841859681722032 0.2325253531145377 0.7862532640117794 0.2346572519491007 0.7878037358914616
32 0.42943044499786465 0.6589408577078246 0.43794042133748384 0.6599745056276126 0.45467847003859824 0.6590348257005325 0.45873083972413115 0.6578602257916825 0.45820226976514866 0.6564507059010622 0.4486880105034625 0.6557459459557522 0.4361785214742086 0.6564507059010622 0.42983568196641786 0.6573903858281424