17 0.0 0.874114677239461 0.0 0.8676716917922948 0.2381553208699757 0.7959727375058374 0.2711880499391894 0.7853170184512523 0.2711880499391894 0.790289687343392
16 0.11934794274880743 0.999665327978581 0.3710788494390205 0.8366816914248424 0.4842166912189451 0.7612711351223896 0.4927047924080808 0.7531225579808195 0.49689306883000217 0.7254217264864039 0.5018719416923473 0.7010622040207876 0.5143826594142814 0.694055425705928 0.5157924276425297 0.695403469894697 0.509680994786352 0.6999304571955693 0.504418372049088 0.7026466495760929 0.499665035383172 0.7304876214764577 0.49556903073037833 0.7534213772492718 0.49116584103840116 0.7597029811135894 0.4699504725225106 0.7762482999561707 0.42431741571474596 0.8072040577906777 0.2890194051794438 0.8995376113315348 0.13971124562421391 0.999665327978581
16 0.742462311557789 0.999665327978581 0.620603015075377 0.778894472361809 0.6060370795347076 0.7522900510444132 0.5960739822186706 0.7405687600843696 0.585524820354631 0.7295889335554736 0.591971530382655 0.7295889335554736 0.6083813377267159 0.7475615796942071 0.6189304995907551 0.7616271288462595 0.669918115266945 0.8522717789372631 0.6886721808030146 0.8850913936253849 0.7507950228912453 0.999665327978581
9 0.48831554196418775 0.6772874000836204 0.5191159007765076 0.6774690802400609 0.5403065912919797 0.6563124838210472 0.5026026857358256 0.6688266499383955 0.49704683768475494 0.6717074600389507 0.48879467314788033 0.6724322040888692
17 0.8463235442156002 0.8179292804206569 0.7990330243805506 0.7971602762581168 0.745635151445261 0.7718503018032395 0.7349864426807089 0.7632078715015742 0.7436288729823745 0.7642367322517725 0.7493390501459747 0.7683521752525655 0.7666187656873041 0.7780768911565089 0.8536655302160782 0.8158855419117251 0.8794384920085445 0.8276145544639852 0.8797292234517246 0.8319948295727092
7 0.39795164880446915 0.7445791457452606 0.44366470345787723 0.7441781540377747 0.5615562654587716 0.7469850959901768 0.6418548548828502 0.748990054527607 0.7209504691844707 0.7534009633099537 0.7768888123787727 0.7578118720923 0.8250078172770968 0.7626237725821323 0.8553829391191641 0.7662326979495065 0.8797024877541894 0.7674356730719647 0.8791010001929602 0.7786634408815737 0.8562444728662563 0.7758564989291714 0.7982009232076527 0.7690396399019088 0.7320372914724567 0.7634257559971044 0.6018152344663668 0.7566088969698417 0.48272069734301415 0.7538019550174396 0.385580456204522 0.7546039384324116
17 0.3852797124239075 0.7538019550174397 0.41204590889860043 0.7534009633099538 0.4944497047869808 0.7525989798949814 0.5870787892162551 0.7554059218473835 0.6318896125278196 0.7570098886773277 0.6703848164464791 0.759415838922244 0.7257216720795517 0.7622227808746459 0.756096793921619 0.7638267477045901 0.8012083610137979 0.7678366647794503 0.8303805077334071 0.7718465818543108 0.8700786867745245 0.7766584823441429 0.8803039753154185 0.7782624491740872 0.8803039753154185 0.7798664160040312 0.8487258783508931 0.7766584823441429 0.8003061296719541 0.7706436067318524 0.7533900998960881 0.7674356730719639 0.724819440737708 0.7650297228270477 0.6159501921552495 0.7590148472147572 0.4917430107614501 0.7558069135548691 0.39610648852603053 0.7562079052623549 0.3840767373014496 0.7562079052623549
17 0.39642907836136243 0.7449732492524734 0.40835450978411597 0.7449732492524714 0.4758384217175745 0.7457215116162518 0.5354655788313373 0.7472180363438129 0.660612459173634 0.7505852169808251 0.7007380284313662 0.7535782664359474 0.7534905250778948 0.7565713158910694 0.7989474636775635 0.7612479556646979 0.8242013184551571 0.7634927427560397 0.8629238957808005 0.7679823169387231 0.8784971062269833 0.7698529728481746 0.8784971062269833 0.7666728578021073 0.8608194078826678 0.7651763330745464 0.8326192700476882 0.762557414801315 0.7983862669047279 0.7590031685733577 0.7739742072863875 0.756384250300126 0.7453531718717814 0.7539523976178396 0.7014395243974102 0.7513334793446076 0.6607527583668426 0.7489016266623209 0.6078599625271051 0.7474051019347598 0.5842896980680174 0.7464697739800341 0.5363073739905895 0.7451603148434183 0.47962649993421264 0.7442249868886927 0.40849480897732376 0.7431025933430219 0.3979723694866598 0.7423543309792414
7 0.48729956995924445 0.6857381029682937 0.5056023811763 0.6820328218144046 0.5106811717234411 0.6821605901300559 0.5122143915112572 0.683310504970918 0.5103936930132256 0.6852270297056883 0.4992778495515583 0.688037932650018 0.48729956995924445 0.6902099940160908
7 0.8776485976326396 0.7488544424953129 0.8503144098779835 0.7351528565810035 0.8819435768343423 0.735907258814818 0.8927743939516791 0.7433767878612573
17 0.8597217279211848 0.7361562431163658 0.881383362155859 0.746364599479833 0.8795159798942492 0.7505973326061486 0.8475316159630971 0.7346890575951891
16 0.5657957599437952 0.7132496873739521 0.5596333984804827 0.7087679699460885 0.5564588486357459 0.7050332054228688 0.5544047281479751 0.7015474252011971 0.555151681052619 0.6970657077733334 0.5562721104095849 0.6933309432501138 0.5579527544450337 0.6918370374408259 0.5605670896112875 0.6905921159330861 0.5639283776821853 0.6898451630284421 0.5650488070391512 0.6895961787268942 0.5650488070391512 0.691090084536182 0.5633681630037023 0.691588053139278 0.5615007807420924 0.6923350060439218 0.5590731838019998 0.6938289118532097 0.5585129691235168 0.6948248490594017 0.5577660162188728 0.6963187548686895 0.5573925397665509 0.6975636763764296 0.5568323250880678 0.6995555507888133 0.5575792779927118 0.7022943781058409 0.5586997073496777 0.704286252518225 0.5609405660636095 0.7065271112321567 0.5641151159083463 0.7092659385491844 0.565609021717634 0.7102618757553764 0.567102927526922 0.7122537501677602 0.5678498804315659 0.7134986716755002 0.5678498804315659 0.7137476559770481 0.566542712848439 0.7137476559770481
2 0.48824622797236766 0.6767022723052636 0.5172601011279586 0.6771138166053429 0.5400714857122699 0.656581175912144 0.5305324048055161 0.6668252091033603 0.5237419238542075 0.6785542216556204 0.4877832406347784 0.6781426773555411
7 0.3970881772197439 0.7220511477987851 0.534736990576719 0.7270357832082353 0.6833690408308405 0.7253787926814333 0.648820788347023 0.7170938400474243 0.5382166706830027 0.7134484608884605 0.501928578146044 0.712122868467019 0.4220499110107496 0.7120263551116343 0.4187417294239898 0.7140313136490645 0.40580974685756516 0.7140313136490645 0.39889263990343105 0.7148332970640364
17 0.654893297857729 0.7172160625313837 0.4196439607658334 0.7128283385266063 0.4214484234495206 0.7108233799891761 0.6491831206941285 0.7155698853310665
17 0.6826233950937797 0.7250473945760729 0.5234048939823918 0.7240065434826921 0.4015993339289618 0.721650156091299 0.39949412746466006 0.7232541229212432 0.5184663623814402 0.7268873535832473 0.681132103619658 0.7283613756296766
17 0.47935811061878947 0.6948106187787179 0.48623277108602325 0.6903210445960345 0.4894596525298269 0.689572782232254 0.5091015395790663 0.6858314704133512 0.5110657282839903 0.6847090768676805 0.5113463266704082 0.682838420958229 0.5085403428062311 0.6826513553672839 0.5049893071566887 0.6825259010253257 0.4941609424052369 0.6849534990227013 0.4880566605977385 0.6863926671861866 0.4858118735063968 0.6865797327771318 0.48567157431318797 0.6856444048224062 0.49396928993175987 0.6839313524974905 0.5048925637828009 0.681528961821613 0.5082597444198135 0.6811548306397228 0.5109254290907815 0.6811548306397228 0.5127493186024967 0.6822772241853936 0.514432908921003 0.6848961424586255 0.5131702161821233 0.6860185360042964 0.5092418387722755 0.6865797327771318 0.5045101759729961 0.6876366336513796 0.49114324284833333 0.6901339790050894 0.48620736475594056 0.6914696831209199 0.47940370194750626 0.6960693424843686
36 0.5538231926246145 0.6290677699017867 0.5538231926246145 0.624129238300835 0.5584530660005067 0.6208368839002005 0.5599963571258041 0.6210426560502402 0.5599963571258041 0.6218657446503988 0.5587617242255662 0.6218657446503988 0.5549034964123227 0.6249523269009936 0.554749167299793 0.6292735420518263
24 0.5417308969963894 0.636801599649089 0.5423772681240753 0.6273453265464116 0.5470251265517542 0.6255226369669297 0.5527665987271224 0.6258871748828261 0.5565942468440346 0.6280744023782044 0.5579612640286461 0.6339070090325468 0.5579612640286461 0.6393750777709927 0.5582346674655685 0.6444786085935422 0.5527665987271224 0.6463012981730242 0.5470251265517542 0.6463012981730242 0.5426506715609974 0.6437495327617494
9 0.0 0.8073701842546063 0.13316582914572864 0.7772194304857621 0.3980169990005528 0.7162654768088684 0.4104444279515663 0.7159642058039953 0.4181268385758292 0.7144578507796301 0.4262611557074017 0.7096375147016613 0.4839567968642354 0.6860052718287437 0.48184924188543965 0.6845708031179292 0.4751266657436442 0.6858157246256691 0.4307802207804975 0.6767989751704984 0.42577971409868326 0.6751336024458048 0.4154843332920665 0.6771494812051424 0.41496354824531545 0.6853502077617228 0.4047778268183528 0.6882310178622779 0.4009195990051093 0.6919349165629917 0.3733880943521805 0.6987917585262312 0.11207281381277634 0.7527192683985082 0.0754683867207002 0.7572383334716042 0.02304723187278869 0.7605523145252078
9 0.8861775464623871 0.734480589151545 0.8077127061513519 0.7312515833774282 0.7713863911925393 0.7293141799129582 0.7491062513511343 0.7222103672099016 0.7326383219031393 0.7131691510423749 0.7941508819000619 0.7099401452682583 0.8216748225039455 0.7090255137134595 0.8488825297713396 0.7183355602809615 0.8634130557548645 0.724793571829195 0.875521827407802 0.724793571829195 0.885208844730152 0.7293141799129582
2 0.0 0.8047418388579456 0.11168090218742377 0.7780558407247499 0.3974879421939492 0.7145431651677444 0.41269896112987065 0.7134757252424166 0.42390708034581287 0.7070710856904496 0.4787468065095299 0.687323447071885 0.4811022889807957 0.6820809601024493 0.48595748286098134 0.6848197874194771 0.48913203270571803 0.6893015048473409 0.47554448673354643 0.6931943666611879 0.4143001210178624 0.7150768851304086 0.3974879421939492 0.7166780450184003 0.35385633524617427 0.7289536041596703 0.11128061221542584 0.7903313998660203 0.018413338711904998 0.8106127584472489 0.0 0.815416238111224
8 0.3986717385817001 0.7137093323046961 0.3986717385817001 0.7182363196055684 0.41070940935901973 0.7174132310054099 0.4202778143358636 0.7147381930548944 0.421821105461161 0.7132977880046169 0.41858019409803643 0.7087708007037445 0.41070940935901973 0.7124746994044582
2 0.8901683713195748 0.7332862327485605 0.8362450114553903 0.731521869235622 0.7996125399308732 0.7297273877390342 0.7766466512294002 0.728633773991345 0.7554240361240214 0.7233334032265094 0.7439467451847921 0.7182891428885828 0.7343530185831887 0.7138782341062364 0.7336913822658367 0.715642597619175 0.7581719260078591 0.7271109604532756 0.7710738341962224 0.730198596600918 0.802803073670651 0.7340335550285713 0.8378991022487701 0.7346095053832645 0.8584098280866809 0.7354916871397338 0.8901683713195747 0.7363738688962029
8 0.8744319571403318 0.7317516640183648 0.8747798063796927 0.7362350542145704 0.8447488220482108 0.735771255228756 0.8328059981634902 0.7353074562429417 0.8245735661652849 0.7303602670609214 0.8256171138833673 0.7294326690892927 0.8659676256492195 0.730978665708674
49 0.0 0.6544916607716319 0.008718315590115027 0.6525542573071619 0.01210877165293754 0.6564290642361019 0.013561824251290044 0.662241274629512 0.014530525983525049 0.6829069115838586 0.014046175117407547 0.6913023265965621 0.0319671571637551 0.697114536989972 0.038263718423282626 0.7061557531574988 0.04213852535222264 0.7642778570915988 0.04116982361998764 0.7862350963555921 0.03632631495881262 0.7991511194520586 0.034878379431720986 0.8002320467417687 0.03456972120666151 0.8084629327433548 0.033180759193893856 0.8179284516451789 0.031483138956066734 0.8247189325964874 0.029939847830769344 0.8300690084975183 0.02885954404306117 0.834390223648351 0.02469265800475822 0.8438557425501749 0.017902177053449708 0.8494115906012455 0.006327493613719294 0.8512635399516024 0.0 0.8510577678015627
36 0.5485356093036783 0.6492490281440186 0.5502191996221845 0.6176349432742902 0.5548490729980766 0.6138936314553876 0.5596192455671777 0.6135195002734972 0.5596192455671777 0.6150160250010583 0.5558311673505386 0.6153901561829487 0.5514818923610642 0.618757336819961 0.5495177036561402 0.649623159325909
34 0.8063362693632297 0.4896261654521752 0.7399351560745829 0.4896261654521752 0.7386458140689781 0.6022287006083269 0.8108489663828463 0.6065265072936762
24 0.42599165943945716 0.6799782014022112 0.42710957219100626 0.6614606890546186 0.42710957219100626 0.6498362682677988 0.41839125660089127 0.6388576486358022 0.41306339707359885 0.6343370405520389 0.4043450814834839 0.6298164324682756 0.3980485202239565 0.6233584209200423 0.3961111167594865 0.616900409371809 0.39465806416113397 0.5981721758819324 0.39853287109007396 0.5826729481661725 0.4082198884124239 0.5813813458565259 0.4145164496719514 0.5813813458565259 0.43050002825382877 0.5807355447017025 0.4435775016390011 0.5820271470113492 0.455163806159066 0.5841411833130497 0.4683965325061051 0.5941659760002005 0.4803881674639309 0.6039843862753423 0.48765343045569337 0.6065675908946357 0.49201258825075084 0.613025602442869 0.48668472872345836 0.6201294151459256 0.4818412200622834 0.6265874266941589 0.47845076399946096 0.6375660463261555 0.4683376744804685 0.6312152726957685 0.46154719352916 0.6349191713964822 0.4559913454780894 0.6297748676454908 0.4488922063017214 0.6345076270964028 0.44395367470076974 0.6462366396486631 0.43561546041912197 0.6587256409054515 0.43290876639359127 0.676770267742323
36 0.5410997520636089 0.6445723883703902 0.5413803504500266 0.6105264508183751 0.5482550109172605 0.6071592701813626 0.5513415931678554 0.6071592701813626 0.5514818923610642 0.6082816637270334 0.5482550109172605 0.6086557949089237 0.5422221456092797 0.6120229755459361 0.5420818464160709 0.6438241260066097
36 0.546852018985172 0.6211891895022479 0.5434848383481594 0.622685714229809 0.539135563358685 0.629420075503834 0.5382937681994319 0.6316648625951756 0.5378581502734985 0.6579331135086163 0.5367494169558629 0.6584610817551094 0.53731167384697 0.6262399604577666 0.5380131698130142 0.6260528948668215 0.5378728706198054 0.6299812722766694 0.5402579569043559 0.6251175669120959 0.5416609488364444 0.6232469110026444 0.5437654367345772 0.6215633206841382 0.5462908222123366 0.6202538615475222 0.5471326173715897 0.6202538615475222
24 0.6221314860438523 0.6475670780000045 0.6144761898100279 0.6464734642523154 0.6079145073238928 0.6464734642523154 0.603540052333136 0.6406408575979731 0.6038134557700584 0.6362664026072162 0.6065474901392813 0.6315274097005631 0.6111953485669605 0.6271529547098064 0.6150229966838726 0.6256948030462207 0.6180304344900178 0.6253302651303243 0.6221314860438523 0.6238721134667388 0.624592116976153 0.6198621963918785 0.6273261513453758 0.6165813551488109 0.6300601857145989 0.615852279317018 0.6325208166468996 0.615852279317018 0.6358016578899671 0.6154877414011217 0.6388090956961123 0.6147586655693289 0.6404495163176462 0.6173104309806037 0.6404495163176462 0.6202267343077749 0.6404495163176462 0.6242366513826352 0.6404495163176462 0.6275174926257028 0.6415431300653354 0.630433795952874 0.6431835506868692 0.6307983338687703 0.6464643919299368 0.6286111063733919 0.6483782159883928 0.6260593409621172 0.6502920400468489 0.6275174926257028 0.652205864105305 0.6307983338687703 0.6524792675422273 0.6373600163549055 0.651385653794538 0.6435571609251443 0.6456441816191698 0.6446507746728334 0.6333410269576665 0.6413699334297658 0.6314272028992104 0.6402763196820767 0.6284197650930652 0.638818168018491
36 0.5451684286666657 0.6470042410526771 0.5457296254395011 0.6122100411368813 0.5469923181783809 0.6122100411368813 0.5465714205987542 0.6488748969621284 0.5450281294734568 0.6490619625530735
36 0.5292541406132637 0.6645749272713922 0.5309910259568512 0.6030515237433732 0.540559430933695 0.5979072199923819 0.5436460131842897 0.5974956756923027 0.5436460131842897 0.5995533971926992 0.5404051018211652 0.5997591693427388 0.5317626715194999 0.6042861566436112 0.5306244557986244 0.6648560175658251
36 0.5242005450055427 0.5913225111911131 0.5288304183814349 0.5863839795901614 0.5354665702202136 0.5847378023898442 0.5353122411076838 0.5861782074401217 0.5297563930566133 0.5874128403403597 0.5248178614556617 0.592557144091351
36 0.5147994173537699 0.599810386030884 0.5147994173537699 0.6678976331321943 0.5159291836220438 0.6678976331321943 0.5163810901293534 0.5992078440211378
36 0.5059132242188634 0.602229381695105 0.5071015583853424 0.6020030323300614 0.5069248927279953 0.6408419630813645 0.5052480589419197 0.6415631819140853
11 0.4951283401678081 0.6725684360414829 0.49587529307245204 0.6653478912965914 0.4936344343585202 0.6611151581702758 0.4930742196800373 0.6578783622501522 0.4934476961323592 0.6558864878377683 0.49456812548932516 0.6536456291238365 0.49456812548932516 0.6521517233145486 0.4949416019416471 0.6506578175052606 0.4966222459770959 0.6504088332037127 0.49755593710790086 0.6524007076160966 0.49718246065557886 0.6543925820284804 0.4994233193695107 0.6561354721393162 0.49961005759567173 0.65937226805944 0.4994233193695107 0.6618621110749198 0.49886310469102774 0.6641029697888516 0.4983028900125448 0.6685846872167153 0.4981161517863838 0.6725684360414829 0.4981161517863838 0.6748092947554147 0.49587529307245204 0.6745603104538667 0.49587529307245204 0.6738133575492228
36 0.4870826652451492 0.6750033440854942 0.4843486308759262 0.6325843865993682 0.4853428251920073 0.6322529884940078 0.4888225052982911 0.6740091497694132
36 0.4679444246605884 0.6657241971354042 0.471175556187852 0.5384673246770262 0.4726668476619736 0.5384673246770262 0.4726668476619736 0.5404557133091884 0.490562345351433 0.5288567796215758 0.49603041408987897 0.5288567796215758 0.4957818655108587 0.530845168253738 0.49081089393045335 0.5305137701483776 0.47366104197805464 0.543769694362792 0.4709270076088317 0.6339099790208099 0.47018136187177084 0.6680439838729268 0.46869007039764926 0.6680439838729268
36 0.45402570423545346 0.6660555952407646 0.45675973860467645 0.5487406659431974 0.4614821616060616 0.5487406659431974 0.4614821616060616 0.5593454053147289 0.4771407220843386 0.5593454053147289 0.47738927066335884 0.5639849787897738 0.4679444246605886 0.5643163768951343 0.4669502303445075 0.5745897181613054 0.47589797918923726 0.5689559503701793 0.4766436249262981 0.5706129408969811 0.46893861897666966 0.5759153105827468 0.46893861897666966 0.5765781067934677 0.4771407220843386 0.5762467086881072 0.4766436249262981 0.5828746707953144 0.46347055023822376 0.5825432726899541 0.46347055023822376 0.5838688651113955 0.4619792587641022 0.5842002632167559 0.4604879672899805 0.665392799030044
42 0.5359935690311441 0.6347219830519183 0.537860951292754 0.6344956336868747 0.5380307133165367 0.639701669082878 0.5359935690311441 0.6394753197178342
36 0.4189417052895577 0.7057528132273766 0.4174861053913834 0.7047824132952604 0.4193056052641013 0.641706417707707 0.42076120516227555 0.641706417707707
36 0.4025662064350968 0.7096344129558415 0.40406313424577794 0.629199628619664 0.382752415932781 0.6286236632598533 0.3828244116027573 0.6267997729537861 0.39175187467982364 0.6269917614070563 0.392039857359729 0.6178723098767198 0.3930477967393977 0.6178723098767198 0.3929758010694214 0.6268957671804211 0.4039911385758016 0.6272797440869616 0.406569106155076 0.46654922996073156 0.40875250600233753 0.46654922996073156 0.40875250600233753 0.47237162955342876 0.42985870452586505 0.4573304306056276 0.43750060399128016 0.4539340308432208 0.446234203380326 0.4539340308432208 0.446234203380326 0.4563600306735114 0.43822840394036733 0.4563600306735114 0.43058650447495217 0.45975643043591813 0.4091164059768811 0.4757680293158355 0.4076608060787068 0.6155056195405694 0.4076608060787068 0.7101196129218997
36 0.3066025086603539 0.6434802441209126 0.3086717424437856 0.5558512461699763 0.3022783110110346 0.5345398080608061 0.3049422407746808 0.5324086642498891 0.30920452839651485 0.5451955271153912 0.3108028862547026 0.4457421492725975 0.3097373143492442 0.4343760489477068 0.30707338458559785 0.42585147370403875 0.3022783110110346 0.42087880481189915 0.30547502672741006 0.4201684235415934 0.3097373143492442 0.42798261751495575 0.3124012441128904 0.4350864302180124 0.31346681601834886 0.4464525305429031 0.3113356722074319 0.555851246169976 0.311849698486365 0.5761927510579467 0.32728260973933887 0.5759869789079071 0.32728260973933887 0.5988276875623083 0.32558498950151177 0.599033459712348 0.32573931861404154 0.5784562447083829 0.311849698486365 0.5788677890084621 0.3112168405875134 0.6179850016651899 0.326047976839101 0.6183760418160753 0.32589364772657126 0.6212568519166305 0.3112168405875134 0.6213580851983854 0.31090061400627633 0.6306340649146732 0.31986036714132704 0.6304935197674568 0.31954414056008995 0.6324611518284876 0.31037356970421454 0.632601696975704 0.31015207824853785 0.6455379656213092
49 0.19724565971293864 0.6565540451731121 0.2056117201276955 0.6524444014606 0.23159053931036147 0.6512702175427393 0.24739596192446137 0.6528895095466678 0.25149701347829584 0.6565348887056318 0.2539576444105965 0.6729390949209696 0.2454821378660053 0.6849688461455506 0.22497688009683303 0.6860624598932399 0.2104864979399513 0.6860624598932399 0.20857267388149522 0.681688004902483 0.20474502576458303 0.6685646399302128 0.19873015015229253 0.6616384195281813
36 0.24922494405960474 0.676680582754405 0.26113439777194003 0.4874525959917449 0.2644425793586998 0.4883347777482142 0.2548488527570964 0.6766805827544049
36 0.22420051075073838 0.6839973631958856 0.2329220803885597 0.33834251134292337 0.23743323709777756 0.3391444947578954 0.2377339808783921 0.34435738695521384 0.28946191114409064 0.32190185133599597 0.30449910017481696 0.32109986792102385 0.3032961250523589 0.32551077670337025 0.28976265492470515 0.32631276011834226 0.2374332370977776 0.3515752376899625 0.2335235679497887 0.5857543948618069 0.23111761770487246 0.6843983549033715
44 0.18220892903227406 0.6242667573190261 0.18260921900427202 0.5970470392231667 0.16539675020836087 0.5965133192605028 0.164596170264365 0.6242667573190261
44 0.21016929952424188 0.569942054465364 0.2290589915297823 0.595791106683472 0.2479486835353228 0.5712676468868054 0.23005318584586337 0.5454185946686975
44 0.22058611960012878 0.4917790607118488 0.24169231812365619 0.49226426067790685 0.2413284181491126 0.5291394580983226 0.22095001957467236 0.5286542581322645
36 0.479801011110149 0.6369995587596785 0.4783631267687094 0.6495981644180061 0.4779523026711553 0.672878196612742 0.4791847749638178 0.673973727539553 0.4793901870125949 0.6487765162228978 0.4806226593052574 0.6378212069547868
44 0.22058611960012878 0.5301098580304388 0.24096451817456901 0.5305950579964969 0.24096451817456901 0.5427250571479494 0.2202222196255852 0.5432102571140075
44 0.40069906834931573 0.5380827609126986 0.4139086374252476 0.5374956689537683 0.41345441191450505 0.5578453558591563 0.40028133722643083 0.5575139577537959
44 0.40028133722643083 0.5591709482805978 0.412460217598424 0.559502346385958 0.4129573147564645 0.5671245028092463 0.40003278864741054 0.566793104703886 0.40028133722643083 0.5608279388073995 0.40028133722643083 0.5601651425966787 0.40052988580545107 0.5598337444913185
44 0.410853955008105 0.6313888190950385 0.4205473495898955 0.6317202172003988 0.42005025243185495 0.6453075395201735 0.4103568578500645 0.6446447433094529
44 0.4538528591786115 0.6194584873020655 0.46230351086530064 0.6187956910913448 0.4618064137072601 0.6317202172003988 0.4538528591786115 0.6313888190950384
44 0.4550956020737129 0.6327144115164799 0.4481362418611453 0.6327144115164799 0.4476391447031048 0.6459703357308942 0.4550956020737129 0.6453075395201735
44 0.46280060802334116 0.6343714020432817 0.46975996823590876 0.625423653198552 0.47771352276455736 0.635696994464723 0.4695114196568885 0.6433191508880114
44 0.4058397307579275 0.6005290929247609 0.38615468329952213 0.5994354791770717 0.38615468329952213 0.6180269128877879 0.4047461170102383 0.6194850645513734
45 0.4702570653939492 0.6648600277364347 0.4789562656596586 0.6545866864702636 0.4881525630834086 0.6685054068953986 0.4779620713435775 0.681761331109813
44 0.5299920026361502 0.6201626607509839 0.5299232507610347 0.6289370657567884 0.535695159569647 0.6291634151218322 0.5360346836172124 0.6201094405200874
44 0.5292541406132637 0.6288764598784058 0.5365273519817165 0.6291575501728387 0.5361057165400671 0.6374497138586112 0.5286216874507895 0.6373091687113946
44 0.5357994427627637 0.6464821446202705 0.5402749870261262 0.6382512586186845 0.5461394933022562 0.6460706003201913 0.5405836452511856 0.653889942021698
42 0.3155933005551759 0.5772181983465253 0.3145991062390948 0.6196371558326511 0.3218070150306826 0.6199685539380114 0.3220555636097029 0.576886800241165
42 0.3250381465579461 0.5957764922467053 0.33324024966561494 0.596439288457426 0.3327431525075744 0.6206313501487322 0.32478959797892587 0.6196371558326511
41 0.31324739964695103 0.6315332542013402 0.32307269895962754 0.6320184541673983 0.32343659893417115 0.6436632533527926 0.31324739964695103 0.6431780533867345
42 0.2967252104876553 0.5117459439854893 0.29624085962153784 0.5479108086555958 0.2996313156843603 0.5479108086555958 0.30108436828271284 0.5453276040363025 0.3064122278100053 0.5459734051911258 0.3083496312744753 0.5143291486047826 0.30108436828271284 0.5078711370565493
42 0.4068027703361012 0.5849415764018099 0.4049054108486786 0.5828333991935627 0.4016377361758955 0.5829739443407792 0.3987916969447617 0.584098305518511 0.3978273326986591 0.5867257321410085 0.39794842606146286 0.5987150008290251 0.39819123267320267 0.6206897297650755 0.39952955896764825 0.622326585561394 0.40132150959465834 0.6237320370335588 0.40385132224455506 0.6234509467391258 0.40585409059238986 0.622326585561394 0.4066973614756888 0.6197967729114974 0.4066973614756888 0.6037746261288184
24 0.07658691513292451 0.7750238453123887 0.08935140098841193 0.6937093428255799 0.09715192012232092 0.6407603644620765 0.09076967719457721 0.6123948403387711 0.09006053909149457 0.5934844909232342 0.07871432944217242 0.5840293162154658 0.053894495834280215 0.5906479385109037 0.038293457566462255 0.5934844909232342 0.026947247917140107 0.5982120782771184 0.013473623958570054 0.6067217355141101 0.0007091381030826344 0.6180679451634322 0.0 0.6237410499880933 0.0 0.12167127300558815 0.01276448585548742 0.12923541277180292 0.02765638602022274 0.13869058747957136 0.03191121463871855 0.13963610495034823 0.0411300099787928 0.15287334954122406 0.0411300099787928 0.171783698956761 0.043966562391123336 0.1906940483722979 0.05744018634969339 0.19825818813851265 0.06453156738051972 0.2010947405508432 0.07233208651442871 0.20960439778783482 0.07942346754525505 0.23135129961570228 0.09573364391615564 0.2379699219111402 0.10637071546239515 0.23891543938191703 0.1255174442456263 0.24742509661890866 0.13119054907028738 0.27200855085910663 0.14679158733810532 0.28713683039153615 0.1588469350905101 0.3098292496901805 0.16522917801825382 0.32212097681027946 0.18579418300765022 0.33630373887193216 0.1893398735230634 0.36466926299523755 0.19430384024464184 0.38547064735232817 0.21486884523403824 0.4128906540048567 0.22550591678027773 0.4365285907742778 0.23046988350185618 0.46583963236836007 0.22550591678027773 0.48474998178389694 0.22196022626486456 0.5150065408487561 0.21486884523403824 0.5386444776181771 0.197849530760055 0.5726831065661436 0.17799366387374124 0.5934844909232343 0.16806573043058434 0.6038851831017795 0.15104641595660112 0.6095582879264406 0.13544537768878318 0.6161769102218786 0.12409916803946103 0.625632084929647 0.11629864890555204 0.6426513994036303 0.11062554408089097 0.668180371114605 0.09857019632848618 0.7173472795950011 0.09289709150382511 0.7731328103708348
36 0.966558918459091 0.5147585376828391 0.9652522329489509 0.3598846722840752 0.9571049542154756 0.3510803022032739 0.925676910752582 0.3316346282523768 0.91314677577718 0.32725250454513233 0.8991787564603383 0.3256092081549157 0.9007206655684312 0.3220639734530014 0.9141738360210653 0.32369202903299626 0.9264985589476903 0.3283480354719434 0.9589536626544694 0.34861535761794893 0.9632416113792804 0.3508663739934691 0.9653460992774131 0.3512405051753593 0.965486398470622 0.3445061439013344 0.9702161996705294 0.3438108752808689 0.9722077498004607 0.5072267625610127
3 0.6378089849508767 0.6575962522356444 0.6047010183550332 0.6626327338907864 0.6044130356751277 0.7013184072247406 0.6835220396042846 0.7093241825013431 0.7102882360789774 0.7141360829911755 0.7129949301045081 0.6680220366302814 0.6717930321603179 0.6652150946778791 0.6417186540988655 0.663611127847935 0.6411171665376364 0.6596012107730745
5 0.6090206811244072 0.6534507285565612 0.6181260987636619 0.6542738171567198 0.6173544532010132 0.7065399432667914 0.6070144026615206 0.7059226268166724
45 0.6287748075282139 0.6929589813641743 0.6400408327428848 0.6793780194615573 0.6295464530908625 0.6639451082085834 0.6190520734388403 0.6771145258111212
45 0.6422014403183012 0.6649739689587817 0.6422014403183012 0.6725875385102488 0.6502265541698475 0.6727933106602884 0.6500722250573178 0.6657970575589403
34 0.6606648327201996 0.6670254570034373 0.6975742967047096 0.6703062982465049 0.6962072795200981 0.7001984073500093 0.6590244120986657 0.6954594144433562
8 0.7806352812150431 0.7281734356358307 0.7769459711006105 0.7323897900523252 0.7652455875948383 0.730000522549645 0.753407359091005 0.7260820085800702 0.7622941395032922 0.7238165360721197 0.7665104939197867 0.7253625326915011 0.7731512521257654 0.7273301647525319
46 0.779831021492014 0.675490572742731 0.7905186103898857 0.6814557386392175 0.7959866791283317 0.7189037245449381 0.7785882785969127 0.7198979188610193 0.7770969871227911 0.675490572742731
34 0.7520422067726993 0.43726627066685864 0.7988761334964578 0.43993487048017826 0.7984758435244598 0.4666208686133738 0.7508413368567055 0.46555342868804606
34 0.7244823091830288 0.6426177621865306 0.7412028499534834 0.6429190331914036 0.7425585694754121 0.6697321526251054 0.7240304026757194 0.6703346946348515
45 0.7290013742561248 0.6724435916689628 0.745947868280234 0.6480406402742456 0.7649279415872363 0.6691296106153594 0.7488852605777462 0.6965452720588072
36 0.6169285604433485 0.7104037382829677 0.6189621397262417 0.7101024672780948 0.6182842799652772 0.6850969738736312 0.6205438125018252 0.6850969738736312 0.6212216722627896 0.7101024672780948 0.6239331113066471 0.7104037382829677 0.6239331113066471 0.711910093307333 0.616476653936039 0.711910093307333
36 0.6226252553646604 0.7134735383692198 0.6255587839499365 0.7134735383692198 0.6259414181132332 0.6866041171243727 0.6283647678141134 0.6864340574962409 0.6288749466985093 0.7133034787410879 0.6315533858415875 0.7134735383692198 0.6315533858415875 0.7146639557661435 0.6224977106435614 0.7143238365098796
36 0.6244108814600459 0.7175549694443866 0.6286198572563114 0.716534611675595 0.6272168653242228 0.6918759655964631 0.6287474019774103 0.6918759655964631 0.6310432069571916 0.716194492419331 0.6343593697057645 0.7170447905599907 0.6343593697057645 0.7182352079569142 0.6311707516782905 0.7185753272131782 0.6260689628343322 0.718915446469442
36 0.6467312076523634 0.7175549694443866 0.6503024598431342 0.7172148501881226 0.6511952728908268 0.6840532227023937 0.6529808989862123 0.6842232823305257 0.6525982648229154 0.7175549694443866 0.6565521511769831 0.7178950887006504 0.6564246064558842 0.719255565725706 0.6468587523734624 0.719085506097574
36 0.683633994934716 0.7202028119952912 0.6880689282052587 0.7202028119952912 0.6888006732498928 0.6923896817211243 0.6906680555115026 0.6923896817211243 0.6902863948405299 0.7206251865924859 0.6946421328740986 0.7207307802417845 0.6944837424001506 0.7222090913319654 0.683475604460768 0.7215755294361735
40 0.7333583676555209 0.7232692550036773 0.7344386714432289 0.7216230778033601 0.738605557481532 0.7049555336501483 0.7438527473075431 0.704543989350069 0.745087380207781 0.7257385208041531 0.7404575068318888 0.7247096600539549 0.737370924581294 0.7253269765040739 0.7342843423306993 0.7242981157538756
36 0.7376795828063535 0.7242981157538756 0.7398401903817697 0.7249154322039945 0.7404575068318887 0.6932265210978882 0.7427724435198348 0.6932265210978882 0.7430811017448943 0.7249154322039945 0.7460133548829594 0.7255327486541134 0.7463220131080189 0.7267673815543514 0.7429267726323645 0.7271789258544308 0.7370622663562345 0.7259442929541927
40 0.7529581649467976 0.7242981157538756 0.7540384687345059 0.7026920399997122 0.760365962348225 0.7253269765040739 0.7595943167855764 0.7257385208041531 0.753266823171857 0.7257385208041531 0.7529581649467976 0.7251212043540342
29 0.7671564432995336 0.7201826727530826 0.7665391268494146 0.7138037361018533 0.7649958357241171 0.713392191801774 0.764532848386528 0.7119517867514965 0.7648415066115876 0.7105113817012189 0.765767481286766 0.7090709766509413 0.7668477850744742 0.7090709766509413 0.7668477850744742 0.7033093564498312 0.7725579622380745 0.7031035842997915 0.7714776584503663 0.704543989350069 0.7708603420002473 0.7070132551505448 0.7711690002253068 0.7088652045009017 0.7719406457879555 0.709276748800981 0.7719406457879555 0.709276748800981 0.7719406457879555 0.7197711284530032 0.7679280888621823 0.7199769006030429
36 0.7748783990040755 0.7253682669931985 0.7738171965486782 0.5749842261498735 0.770809758742533 0.5733802593199294 0.7693060398394603 0.5705733173675271 0.7094580274971697 0.5368900139387003 0.6920148882215272 0.5280681963740076 0.6920148882215272 0.5344840636937842 0.6887067066347674 0.5344840636937842 0.6884059628541529 0.5280681963740076 0.6760754678489573 0.5236572875916612 0.6700605922366669 0.5228553041766891 0.6694591046754379 0.5388949724761305 0.6664516668692925 0.5392959641836166 0.6673538982111361 0.5236572875916612 0.6508129902773373 0.522454312469203 0.6387832390527561 0.522454312469203 0.6390839828333706 0.5148354700269684 0.6529181967416389 0.5168404285643986 0.6757747240683428 0.5188453871018288 0.6920148882215272 0.5228553041766891 0.7106610026196278 0.53288009686384 0.7371264553137061 0.5461128232108791 0.771110502523148 0.5641574500477506 0.7738171965486786 0.5633554666327787 0.7726142214262205 0.4703253904960186 0.7717119900843769 0.46791944025110244 0.7717119900843769 0.46631547342115837 0.7596822388597959 0.4574936558564656 0.7506599254413601 0.4530827470741192 0.7446450498290695 0.45147878024417504 0.7353219926300193 0.45147878024417504 0.7299086045789578 0.45107778853668906 0.7299086045789578 0.4494738217067449 0.7464495125127567 0.44987481341423097 0.7575770323954941 0.45388473048909134 0.768403808497617 0.46070158951635387 0.773516452768064 0.462305556346298 0.7759224030129803 0.462305556346298 0.7800137002235026 0.7253682669931985
3 0.784343228870187 0.719341240844846 0.7840424850895724 0.6824500037561309 0.8219362014470029 0.6828509954636169 0.8225376890082318 0.720544215967304
44 0.786957721405837 0.6837437284504676 0.8107244047354166 0.6848754752756857 0.811742976878113 0.7086421586052655 0.7854298631917925 0.7081894598751781 0.7854298631917925 0.6837437284504676
45 0.809366308545155 0.6887234144814272 0.8098755946165032 0.7056996168596984 0.8231170324715547 0.7054732674946548 0.8226077464002065 0.6891761132115145
44 0.6431357549461877 0.6138504271658399 0.6480588536358863 0.6143031258959272 0.64704028149319 0.6278840877985442 0.6426264688748395 0.627431389068457
34 0.8649472376857013 0.3527969856410306 0.8841611563416019 0.3538644255663585 0.883360576397606 0.5283908533574574 0.8653475276576991 0.5283908533574574
34 0.8569414382457424 0.3576004653050059 0.8605440479937239 0.3543981455290224 0.8613446279377197 0.5289245733201212 0.8577420181897384 0.5305257332081129
44 0.9494750448567598 0.4458788094066995 0.9918799179234078 0.4474827762366436 0.9906769428009498 0.48317103820290064 0.950678019979218 0.48196806308044254
34 0.6959798994974874 0.07370184254606366 0.6896984924623115 0.48911222780569513 0.7223618090452261 0.490787269681742 0.7236180904522612 0.07370184254606366
36 0.6238566124432406 0.6104028625433912 0.6238566124432406 0.625878288703398 0.6248769702120323 0.6255381694471343 0.6250045149331312 0.6104028625433912
39 0.6213057180212614 0.6236675135376828 0.6214332627423604 0.6149944725029536 0.6162039291773032 0.6146543532466898 0.616331473898402 0.6126136377091065 0.6210506285790635 0.6126136377091065 0.6211781733001625 0.6114232203121829 0.6223260757900531 0.6114232203121829 0.622581165232251 0.6129537569653704 0.6238566124432406 0.6129537569653704 0.6238566124432406 0.614144174362294 0.622581165232251 0.614144174362294 0.6220709863478553 0.647305801848023 0.6207955391368656 0.647305801848023
36 0.6184997341570844 0.6243477520502105 0.6108470508911469 0.6195860824625161 0.6089338800746625 0.6195860824625161 0.6089338800746625 0.6212866787438356 0.6109745956122458 0.6211166191157036 0.6181170999937875 0.6255381694471343
36 0.6278104987973083 0.6149944725029537 0.6279380435184073 0.6083621470058079 0.6265350515863187 0.6073417892370163 0.6230913441166469 0.6046208351869051 0.6193925472047771 0.6030902985337177 0.6195200919258761 0.602069940764926 0.6215608074634594 0.6024100600211899 0.6262799621441208 0.6054711333275649 0.6279380435184073 0.6068316103526205 0.6280655882395063 0.6056411929556968 0.6290859460082979 0.6058112525838287 0.6289584012871989 0.6168651284124052 0.6283206776817042 0.6163549495280093 0.6280655882395063 0.6160148302717454
36 0.5930500679155899 0.6390017163819128 0.5930500679155899 0.6526729261566069 0.593625025336021 0.6526729261566069 0.5934333728625439 0.6395127896445182
36 0.6399836271702243 0.6430811210450995 0.6405998633165555 0.5984382357775468 0.6422431597067721 0.598164353045844 0.641832335609218 0.6430811210450995
36 0.6436810440482117 0.640068410996369 0.6451189283896512 0.6055591868018191 0.6420377476579952 0.6063808349969274 0.6420798135592716 0.6044240359638854 0.6447081042920971 0.6036420076798996 0.6451189283896512 0.5935083466068969 0.6461459886335368 0.5935083466068969 0.6461459886335368 0.6033681249481968 0.6471730488774222 0.6033681249481968 0.6471730488774222 0.6050114213384136 0.6461201381702347 0.6054472147197426 0.6444183694882974 0.6487815117624193 0.6433785604456214 0.6499210285215163
44 0.6422911538030702 0.6401518492527266 0.6466404287925447 0.6401518492527266 0.6463598304061271 0.647447407299587 0.6422911538030702 0.6476344728905322
44 0.6330314070512859 0.6431448987078489 0.6428523505759057 0.6435190298897392 0.6427120513826968 0.6523111126641606 0.6330314070512859 0.6524981782551058
44 0.6404195625656643 0.6131713790707091 0.634138367685704 0.6140767765308836 0.634138367685704 0.6290158346237622 0.6412683726845778 0.6287894852587187 0.6412683726845778 0.6136240778007963
49 0.5128570552665033 0.7142255079764993 0.5133541524245437 0.7006381856567246 0.5131056038455235 0.6950044178655985 0.5128570552665033 0.6906962424959138 0.5140997981616046 0.6867194652315894 0.5140997981616046 0.6867194652315894 0.5123599581084627 0.6867194652315894 0.5096648038725594 0.6845558369210104 0.5108994367727974 0.6824981154206139 0.5124427278980948 0.6814692546704156 0.5138316899108624 0.6810577103703364 0.5142946772484516 0.6816750268204553 0.5149119936985705 0.6831154318707329 0.5149119936985705 0.6831154318707329 0.5190788797368735 0.6711806471684331 0.5209308290872303 0.6680940649178383 0.5221654619874683 0.6656247991173625 0.5392959934782693 0.6654190269673228 0.5470124491047562 0.6658305712674022 0.55071634780547 0.676530723069464 0.5528769553808863 0.6804403939202174 0.5542659173936539 0.6806461660702571 0.5564362732850189 0.6826042509342832 0.5566976175670331 0.6841142401192537 0.5566105028063616 0.6849273112188532 0.5560878142423334 0.6852757702615387 0.5548682075929342 0.6855080762899957 0.553648600943535 0.6859726883469097 0.553648600943535 0.6859726883469097 0.5549553223536058 0.6920126450867918 0.5550424371142774 0.6989818259405017 0.5550424371142774 0.7119909635340934 0.5546939780715919 0.7167532371174619 0.5536486009435354 0.7182632263024323 0.5501640105166805 0.7182632263024323 0.5472021086538539 0.7168693901316904 0.5462438462864687 0.7122232695625504 0.5459825020044545 0.7112940454487224 0.5406685016035008 0.7111778924344939 0.5258589922893674 0.7110617394202656 0.5187155819143148 0.7111778924344941 0.5185413523929719 0.7145463298471205 0.518280008110958 0.7166370841032335 0.5164505981368591 0.7168693901316905 0.5148825324447743 0.716753237117462 0.5137500405560465 0.7159401660178626
49 0.5637389669019263 0.6959679514114587 0.564019565288344 0.6810027041358476 0.564861360447597 0.678757917044506 0.5635986677087174 0.6768872611350546 0.564019565288344 0.6757648675893838 0.5647210612543881 0.6755778019984386 0.5669658483457298 0.6753907364074935 0.5690703362438627 0.6692175719063039 0.5768326534150133 0.6684113392272263 0.5842226491104189 0.6686563751334685 0.5871689321678047 0.6695917030881943 0.5881510265202667 0.67052703104292 0.5896943176455641 0.6729588837252067 0.5903958136116084 0.6748295396346581 0.590816711191235 0.6759519331803289 0.5923600023165324 0.6755778019984386 0.593622695055412 0.6757648675893838 0.5943241910214563 0.6767001955441095 0.5934823958622032 0.6781967202716706 0.5929211990893678 0.678757917044506 0.5925003015097412 0.6796932449992317 0.5929211990893678 0.6834345568181345 0.5932017974757855 0.688298262182708 0.5929211990893678 0.693536098729172 0.5923600023165324 0.6959679514114587 0.590816711191235 0.6965291481842942 0.588852522486311 0.6965291481842942 0.5881510265202667 0.696342082593349 0.5874495305542224 0.6946584922748428 0.5868883337813872 0.6944714266838977 0.5814166652462418 0.6931619675472815 0.5749629023586346 0.6929749019563365 0.5710345249487867 0.6933490331382267 0.5689300370506538 0.6946584922748428 0.568789737857445 0.6957808858205136 0.5683688402778184 0.6961550170024038 0.5673867459253564 0.6965291481842942 0.565843454800059 0.6965291481842942
11 0.447092281022259 0.6613955419419236 0.44778273884423897 0.6589178548655561 0.4495250340576664 0.6577563247232711 0.4499606078610233 0.6576401717090425 0.4502219521430374 0.6570594066379001 0.4500477226216947 0.6547363463533301 0.45083175546773707 0.6540394282679591 0.451528673553108 0.6539232752537306 0.45239982115982175 0.6555494174529296 0.45248693592049316 0.6569432536236716 0.45274828020250724 0.6585693958228706 0.45379365733056376 0.6597309259651555 0.4542292311339206 0.6611247621358975 0.4542292311339206 0.66170552720704 0.45074464070706566 0.6620539862497254 0.44734716504088207 0.6622862922781825 0.4471729355195394 0.6622862922781825
49 0.46711122853048326 0.7244082121206116 0.437248264912682 0.7226304720303018 0.4329551530932409 0.7238355560497942 0.43092157381034785 0.7235342850449211 0.42979180754207386 0.7277520791131438 0.4286620412737999 0.7295597051423821 0.42527274246897806 0.7295597051423821 0.4241429762007041 0.7289571631326361 0.4234651164397397 0.7259444530839054 0.4234651164397397 0.7205215749961906 0.4236910696933945 0.7132910708792373 0.4236910696933945 0.7045542117379188 0.4234651164397397 0.696118623601473 0.42572464897628765 0.6870804934552815 0.426402508737252 0.6834652413968049 0.42459488270801365 0.6828626993870588 0.4241429762007041 0.6804525313480743 0.42459488270801365 0.6792474473285821 0.4259506022299424 0.678644905318836 0.4270803684982164 0.6774398212993438 0.42888799452745474 0.6729207562262479 0.43363301285420536 0.662978813065437 0.44063756371750384 0.6626775420605641 0.4539688056831365 0.6611711870361987 0.4659443281268404 0.6611711870361987 0.4682038606633883 0.6617737290459449 0.471819112721865 0.6653889811044216 0.47294887899013893 0.6687029621580252 0.4749824582730321 0.6747283822554863 0.47656413104861556 0.6804525313480743 0.47882366358516354 0.6807538023529474 0.4806312896144018 0.6810550733578205 0.48367441139671674 0.6812546410306412 0.4839623940766221 0.6849024216427758 0.4816585326373792 0.6868223061754782 0.4793546711981363 0.6872062830820188 0.48040533636074706 0.7000351466648228 0.48040533636074706 0.7138936128889833 0.48017938310709224 0.7205215749961906 0.4799534298534375 0.7247393690644133 0.47837175707785395 0.7262457240887785 0.47837175707785395 0.7262457240887785 0.47837175707785395 0.7289571631326361 0.47611222454130603 0.7301622471521283 0.47407864525841287 0.7304635181570014 0.46955958018531707 0.7304635181570014 0.4677519541560788 0.72835462112289
11 0.2191991230396917 0.6697158002576165 0.2197603198125271 0.6695287346666714 0.22088271335819792 0.6697158002576165 0.22144391013103334 0.6713993905761227 0.2213036109378245 0.6728959153036839 0.22116331174461562 0.6740183088493548 0.22256630367670416 0.6753277679859706 0.22214540609707759 0.6773854894863671 0.22256630367670416 0.6792561453958186 0.22382899641558385 0.6822491948509407 0.21835732788043855 0.6846810475332276 0.21933942223290054 0.6749536368040804 0.21905882384648284 0.6725217841217936 0.21905882384648284 0.6712123249851776
42 0.6332996824131853 0.5035387021841357 0.6334913348866622 0.5394415988821644 0.6459487456626686 0.539697135513467 0.6457570931891917 0.503666470499787
36 0.8723551414451255 0.7305275208285988 0.8720931972774478 0.6669093124675912 0.8625731086855349 0.6670679806107898 0.8625731086855349 0.6641326199616167 0.8719146956163495 0.6639739518184181 0.8715576922941528 0.6515978366489312 0.8629301120077317 0.6513598344341335 0.8629896125614311 0.6488211441429567 0.8714689552952272 0.6491683407725688 0.8704543164247526 0.5812080444255513 0.8713581294393717 0.4757631927199822 0.8713581294393717 0.46732760458353667 0.8724878957076457 0.4670263335786636 0.8729398022149554 0.46823141759815584 0.8770069607807415 0.45407168036912227 0.879718399824599 0.44895007328628034 0.8806222128392183 0.45015515730577255 0.8781367270490155 0.4552767643886144 0.8767810075270868 0.46130218448607563 0.8745214749905388 0.46823141759815584 0.874295521736884 0.4721479406615055 0.874295521736884 0.4881153039197774 0.8745214749905389 0.5067941062219068 0.8751993347515034 0.5348123096751008 0.874521474990539 0.5815093154304244 0.8754252880051582 0.6294114052052399 0.8761031477661227 0.67972366301904 0.877684820541706 0.7306384628425862
34 0.8747445987165746 0.5008752712542208 0.8675140945996213 0.5050930653224437 0.8670621880923117 0.545764650980306 0.8663843283313473 0.5575142201703551 0.8783598507750512 0.5538989681118784
52 0.9997489959839357 0.9045226130653267 0.9962311557788944 0.9112227805695142 0.9937185929648241 0.9212730318257956 0.9899497487437185 0.9262981574539363 0.9811557788944724 0.931323283082077 0.9685929648241206 0.9363484087102178 0.9547738693467336 0.9363484087102178 0.9447236180904522 0.932998324958124 0.9334170854271356 0.9229480737018426 0.9246231155778895 0.9045226130653267 0.9233668341708542 0.8927973199329983 0.9246231155778895 0.8793969849246231 0.920854271356784 0.8793969849246231 0.9082914572864321 0.8777219430485762 0.8944723618090452 0.8676716917922948 0.879396984924623 0.8458961474036851 0.8731155778894472 0.8257956448911222 0.871859296482412 0.8006700167504187 0.8756281407035176 0.7956448911222781 0.8769042432296721 0.7784955330119165 0.878791968860078 0.7633937279686688 0.8769042432296721 0.7382240528965891 0.8750165175992661 0.7243807316069453 0.881623557305687 0.7092789265636975 0.8882305970121079 0.6929186377668457 0.9005008136097467 0.671524413955578 0.9046698556644984 0.6111171937825869 0.8876803249908446 0.604824775014567 0.8848487365452357 0.6136341612897949 0.8801294224692207 0.6186680963042108 0.8697469315019879 0.6148926450433988 0.865027617425973 0.606083258768171 0.8659714802411759 0.5947569049857351 0.8678592058715819 0.5796550999424873 0.8706907943171909 0.5607778436384276 0.8725785199475968 0.5368666523199519 0.8725785199475968 0.530574233551932 0.8791855596540178 0.525540298537516 0.8971189531428745 0.5230233310303081 0.9075014441101074 0.5230233310303081 0.9178839350773402 0.5192478797694962 0.925434837598964 0.5104384934942683 0.932041877305385 0.5066630422334563 0.9584700361310686 0.4965951722046245 0.9641332130222866 0.49533668845102047 0.9679086642830984 0.49156123719020856 0.9764034296199254 0.4827518509149807 0.998112274369594 0.48149336716137664 0.9997489959839357 0.4802348834077727
49 0.15014868833635733 0.6523159720910914 0.18801611968736207 0.6523159720910914 0.20008486707138548 0.6557766626132366 0.194620904225328 0.6775609263250945 0.15023028751351655 0.6820134354431951
11 0.16500030186547737 0.6757518934354693 0.16737697019843534 0.6734883997850332 0.1685653043649143 0.6721303035947714 0.16924435246004516 0.6703195086744225 0.16992340055517602 0.6687350631191171 0.17009316257895873 0.6680560150239864 0.17060244865030685 0.6666979188337246 0.171111734721655 0.6660188707385938 0.17196054484056858 0.6655661720085065 0.17450697519730926 0.6657925213735502 0.1753557853162228 0.6660188707385938 0.1763743574589191 0.6669242681987683 0.17671388150648454 0.66828236438903 0.17603483341135365 0.6709985567695533 0.17433721317352655 0.6730357010549459 0.17263959293569942 0.6734883997850332 0.17143508077851666 0.6754178156227691 0.16941411448382784 0.6764309415306001 0.16890482841247972 0.6775626883558182 0.16669792210330447 0.6775626883558182
49 0.14548831160247516 0.7831657821912307 0.14002024286402923 0.7838285784019514 0.1328123340724414 0.787142559455555 0.13057539686125896 0.7917821329306001 0.12933265396615762 0.7967531045110054 0.12858700822909683 0.7984100950378071 0.12659861959693466 0.8003984836699695 0.12485877954379279 0.8013926779860505 0.12262184233261036 0.8020554741967713 0.1206334537004482 0.8020554741967713 0.11789941933122523 0.8013926779860505 0.1156624821200428 0.7997356874592486 0.11367409348788066 0.7970845026163658 0.11218280201375903 0.7941019196681226 0.11044296196061715 0.7897937442984378 0.10944876764453608 0.7841599765073118 0.1092002190655158 0.7798518011376271 0.10820602474943473 0.7765378200840235 0.1067147332753131 0.7725610428196993 0.10522344180119149 0.7675900712392938 0.10472634464315095 0.7622877015535281 0.10696328185433338 0.7579795261838435 0.10870312190747526 0.7546655451302399 0.10870312190747526 0.7530085546034381 0.10820602474943473 0.7470433887069515 0.10820602474943473 0.7433980095479875 0.10895167048649554 0.7414096209158254 0.11094005911865769 0.7334560663871768 0.11541393354102254 0.7278222985960507 0.11789941933122523 0.7235141232263661 0.12585297385987387 0.7082698103797895 0.13654056275774545 0.6946824880600148 0.14076588860109004 0.6903743126903301 0.14399702012835355 0.6870603316367265 0.14548831160247516 0.6863975354260058 0.15369041471014405 0.6854033411099247 0.16760913513527914 0.6837463505831229 0.1795394669282521 0.6837463505831229 0.18972995866808312 0.6837463505831229 0.19445238166946827 0.6844091467938436 0.2021573876190966 0.6863975354260058 0.2053885191463601 0.7496945735498345 0.20837110209460336 0.7874739575609154 0.20663126204146146 0.7997356874592486 0.20340013051419795 0.8007298817753298 0.200666096144975 0.8007298817753298 0.1981806103547723 0.7987414931431677 0.1966893188806507 0.7964217064056451 0.19519802740652908 0.7924449291413207 0.19395528451142774 0.7884681518769965 0.19320963877436692 0.7854855689287533 0.1927125416163264 0.7818401897697893 0.1892328615100426 0.7821715878751497 0.1864988271408196 0.7834971802965911 0.18277059845551558 0.7834971802965911 0.178545272612171 0.7834971802965911 0.17531414108490753 0.7834971802965911 0.17431994676882645 0.7841599765073118 0.17307720387372508 0.7881367537716362 0.172083009557644 0.7924449291413207 0.1705917180835224 0.7950961139842037 0.16760913513527914 0.7977472988270866 0.1661178436611575 0.7977472988270866 0.1638809064499751 0.7970845026163658 0.1606497749227116 0.7931077253520414 0.16015267776467107 0.7917821329306001 0.15890993486956972 0.7891309480877171 0.1581642891325089 0.7868111613501947 0.1581642891325089 0.7864797632448343 0.15468460902622513 0.7864797632448343 0.15294476897308323 0.7868111613501947 0.14946508886679946 0.7854855689287533 0.14623395733953595 0.7841599765073118
36 0.14959253007811038 0.624333257102081 0.1621471469086955 0.624571259316879 0.16232564856979387 0.6497994940854483 0.14745626172231274 0.6495924673845055 0.1474505101449299 0.6468641334362751 0.1597076242070178 0.6471814697226723 0.15982886085679437 0.6272732689458328 0.14917602620221418 0.6266339451784599
41 0.1496396615695742 0.6263028690137166 0.16842489505152516 0.6277281463823295 0.16982788698361367 0.6301089811761769 0.16906261865701994 0.6450742284517879 0.1656189111873481 0.6472850036175031 0.15036746151866137 0.647166467554215
49 0.2734737244712727 0.793947772922681 0.24097378135478836 0.7967892980039036 0.23884263754387136 0.8053138732475716 0.23671149373295436 0.8138384484912398 0.23351477801657886 0.8223630237349078 0.23191642015839106 0.8252045488161305 0.22925249039474482 0.8273356926270474 0.2207279151510768 0.8294668364379645 0.21273612586013801 0.8273356926270474 0.20687548038011624 0.8202318799239907 0.2052771225219285 0.804603491977266 0.2052771225219285 0.7911062478414583 0.2052771225219285 0.7847128164087074 0.20421155061646998 0.7840024351384016 0.19675254727826047 0.7825816725977903 0.19408861751461423 0.7790297662462619 0.1930230456091557 0.7697948097322882 0.19249025965642647 0.7612702344886202 0.19249025965642647 0.7584287094073976 0.19835090513644824 0.6838386760253023 0.2383098515911421 0.6817075322143854 0.23884263754387136 0.6774452445925514 0.2452360689766224 0.6717621944301059 0.2526950723148319 0.6724725757004116 0.26601472113306324 0.6405054185366565 0.3113015271150496 0.6369535121851282 0.3326129652242197 0.6369535121851282 0.35818669095522376 0.6405054185366565 0.369375195962538 0.6447677061584906 0.3826948447807693 0.6667895255379663 0.39015384811897885 0.6881009636471364 0.3938833497880836 0.6881009636471364 0.3960144935990006 0.6809971509440796 0.40667021265358566 0.6795763884034683 0.4061374267008564 0.6909424887283591 0.40560464074812713 0.6980463014314158 0.39548170764627133 0.6994670639720271 0.39974399526810533 0.7087020204860007 0.4024079250317516 0.7243304084327254 0.40344889519372445 0.7496415527639164 0.40405038275495353 0.7805179142403412 0.40254666385188087 0.7941516322948664 0.39893773848450653 0.8029734498595591 0.39412583799467416 0.8045774166895033 0.38750947482115455 0.8049784083969893 0.38359980567316565 0.7981615493697267 0.3826975743313221 0.7857308064376596 0.36735964151998124 0.7881367566825759 0.3682618728618248 0.7981615493697267 0.3679611290812103 0.8053794001044753 0.3667581539587522 0.8142012176691681 0.3647577867763728 0.8227084171401671 0.3568320453308137 0.8274051528116096 0.34934662285445234 0.8285793367294703 0.3445031141932773 0.8221213251812368 0.3414208814088932 0.8127278538383519 0.33877896759370685 0.799224738782955 0.3383386486245091 0.797463462906164 0.3361370537785205 0.7933538191936518 0.3088372776882613 0.7933538191936518 0.30311313108869087 0.7998118307418853 0.2982696224275158 0.8027472905365367 0.29298579479714304 0.8045085664133277 0.28946324304356125 0.8050956583722579 0.2806568636596067 0.8050956583722579 0.2762536739676294 0.8021601985776063 0.2744923980908385 0.7980505548650944
11 0.7887787703367437 0.7258630847575057 0.7907671589689059 0.7245374923360642 0.7905186103898857 0.7182409283342174 0.7895244160738046 0.7119443643323706 0.7885302217577235 0.7106187719109293 0.7867903817045816 0.7073047908573254 0.790021513231845 0.6960372552750733 0.7902700618108653 0.6940488666429112 0.7897729646528249 0.6917290799053886 0.7880331245996829 0.6857639140089021 0.7887787703367437 0.6824499329552985 0.7920099018640072 0.6811243405338571 0.7937497419171491 0.6827813310606589 0.7952410333912707 0.6867581083249833 0.7967323248653924 0.6933860704321905 0.7967323248653924 0.7000140325393976 0.7942468390751897 0.7069733927519652 0.7942468390751897 0.7099559757002084 0.7947439362332303 0.7139327529645328 0.7949924848122505 0.7172467340181364 0.7937497419171491 0.7218863074931814 0.793501193338129 0.7248688904414248 0.7932526447591086 0.725200288546785 0.791761353284987 0.7265258809682265
42 0.7775956490041 0.6105508756024771 0.7837580104674127 0.6113725237975854 0.7849904827600751 0.6332831423338076 0.7761577646626605 0.6338309077972132 0.7755415285163293 0.6105508756024771
41 0.8720336967237483 0.6504078255749421 0.8617401009337425 0.6504871596465414 0.8616210998263436 0.6654812991788043 0.8728667044755408 0.6647672925344108 0.872628702260743 0.6505664937181407
41 0.7748280142928543 0.6500279327866629 0.7801617026297197 0.6506463314344154 0.780393602122627 0.6640965020230328 0.7748280142928543 0.664251101684971
36 0.6590854926344973 0.6439899932929156 0.6598971408596725 0.6054946774703212 0.659433341873858 0.6017842855838059 0.6601290403525797 0.6019388852457441 0.6605928393383942 0.6056492771322592 0.6600130906061262 0.6438353936309775
44 0.5474265803592034 0.6189823333667996 0.5512346157959686 0.6189823333667996 0.5512346157959686 0.6243770502355502 0.547367079805504 0.6243770502355502
44 0.5475455814666024 0.6339764728990623 0.5502231063830778 0.6339764728990623 0.5504611085978756 0.6377845083358276 0.5478430842350996 0.6380225105506254
41 0.40329687127843633 0.6361295844471961 0.4077864454611196 0.6357554532653058 0.4080670438475373 0.6467923231310688 0.40652375272223995 0.648475913449575 0.4038580680512717 0.648475913449575 0.40399836724448057 0.6464181919491785 0.40301627289201863 0.6449216672216175
41 0.22925803889046625 0.627345316533067 0.22294457519606783 0.6292159724425184 0.2225236776164413 0.6445553509000197 0.22883714131083968 0.6492319906736482
36 0.18148259334175623 0.6678151340413145 0.18405429826202394 0.6239203007649314 0.18221957903303732 0.6237583663488888 0.18223884448753735 0.6222647009429911 0.18600605061269357 0.6226456319505224 0.18358708123988907 0.668563396405095