9 0.0 0.4735698828485542 0.13643682669546267 0.47892034664053307 0.4860561951025858 0.47713685870987355 0.7574250305520172 0.48337906646718226 0.8120937027134374 0.4877270457252748 0.8366988727895897 0.4816363144546661 0.8395019934311766 0.47443817749849215 0.8338957521480026 0.4677937433851009 0.8145853655059592 0.45671968652944867 0.6979810799827859 0.4123029111322167 0.5370764219888499 0.34874763218683963 0.0 0.36478529369524604
24 0.5643214688368936 0.11458413936890398 0.566430186745585 0.14421181673883013 0.5702566845890952 0.1451473819438101 0.5697705736316359 0.18171791510852392 0.5630897998595342 0.1879689315034729 0.5622107506789945 0.25891796758614366 0.5804949736342202 0.24954144299372022 0.5862966982257822 0.24485318069750853 0.5889338457674014 0.23516410528533763 0.5885822260951855 0.22953819052988356 0.589988704784049 0.22266207249543968 0.5892854654396172 0.21391064954251113 0.5875273670785378 0.211722793804279 0.5836595506841632 0.2123478954437739 0.5773303965842774 0.21203534462402646 0.575220678550982 0.20859728560680452 0.5808465933064362 0.20359647249084534 0.5848902195369187 0.2014086167526132 0.5887580359312935 0.19265719379968466 0.5838353605202712 0.19390739707867438 0.5815961937046498 0.18063511092308263 0.5923556466723573 0.175601448715968 0.593488220668958 0.16805095540529605 0.5909399291766062 0.15848699721177822 0.5881084941851042 0.15345333500466363 0.5830119112004007 0.15294996878395214 0.573385032229294 0.16905768784671898 0.5722524582326931 0.1700644202881419 0.573385032229294 0.16150719453604703 0.5779153282156971 0.1494264052389719 0.5779153282156971 0.14187591192829999 0.5745176062258948 0.13784898216260824 0.570553597237792 0.13533215105905097 0.5680053057454402 0.1373456159418968 0.5702704537386418 0.12023116443770705 0.5680053057454402 0.11721096711343827 0.5669960481242551 0.11362249557144687
36 0.5841127004446368 0.25827303451755623 0.5744431594587002 0.2668681820606111 0.5640000551938885 0.2668681820606111 0.5640000551938885 0.2689310174709442 0.5844994820840744 0.270306241077833 0.5843060912643556 0.2672119879623333 0.5763770676558875 0.2668681820606111 0.584692872903793 0.25964825812444503
34 0.6170133928363613 0.20732554349300422 0.6243622439856733 0.20698173759128202 0.6239754623462358 0.24789463989622304 0.6164332203772052 0.2482384457979452
34 0.5825542127476684 0.2925552677769875 0.5873490264597031 0.2917803483891839 0.5867678369188504 0.3245852691395359 0.5819730232068157 0.3240686562143335
20 0.15960553448425524 0.49655359208629823 0.17330967984312481 0.4998758091429939 0.1985377656174075 0.49766099777186346 0.19884922346647269 0.4943387807151678 0.262075166826712 0.49655359208629823 0.2623866246757772 0.4998758091429939 0.27484493863838594 0.4987684034574287 0.276402227883712 0.5020906205141243 0.32498965233788607 0.4959998892435155 0.3084823863374295 0.4888017522873417 0.2860574212047338 0.4888017522873417 0.2686157816570816 0.4910165636584721 0.1985377656174075 0.4910165636584721 0.18919403014545097 0.48769434660177646 0.18265341531508136 0.48714064375899374 0.17922737897536398 0.4904628608156894 0.18358778886227703 0.4948924835579503 0.17050655920153787 0.49323137502960257 0.16022845018238568 0.4943387807151678
16 0.13078971337038237 0.5263404529068322 0.27242611368990416 0.5546838286351051 0.27413913185976285 0.5522475361268616 0.2744817354937346 0.5510293898727399 0.2748243391277063 0.5492021704915573 0.15248816334282425 0.5255840799230435
17 0.0 0.5240629612579875 0.30563670186618913 0.5334426874147249 0.30827474984777153 0.5294228047761231 0.31027476624572287 0.5256242086172094 0.0 0.5180331373000849
9 0.0 0.617693522906793 0.6593601895734597 0.6492890995260663 0.9881516587677724 0.6587677725118483 0.9997395833333333 0.6614179485168703 0.9997395833333333 0.999537037037037 0.0 0.999537037037037
2 0.0 0.9384696663922423 0.011536937551454568 0.9473871060455404 0.023073875102909137 0.999537037037037 0.0 0.999537037037037
17 0.33277543461698567 0.532972662067081 0.5742280467964959 0.5424368962645513 0.5738854431625242 0.5357370918668818 0.326525619434928 0.5259919218339077
19 0.5130419896379023 0.6401804879256912 0.9997395833333333 0.6517144666500194 0.9997395833333333 0.6015999297554511 0.8505418565498226 0.49377891889983494 0.5761394503330819 0.4916450394379698 0.5534066402623701 0.5382984906028726
17 0.568944115441186 0.34803557698433135 0.8773554816840237 0.4488334632938614 0.88793258750113 0.44766933708418677 0.5687461976125359 0.3448401173872766
19 0.9002359047741634 0.48586318975575044 0.7982289114267888 0.443918869745643 0.9997395833333333 0.4426101763626026 0.9997395833333333 0.48646344151098503
49 0.5630588634379983 0.31023519567828073 0.5646571346753432 0.3051207277187771 0.5731279722332712 0.3051207277187771 0.5768039960791644 0.3119400183314487 0.5768039960791644 0.3198958573795655 0.576963823202899 0.32557859955679186 0.5767904408912324 0.3267544305818306 0.5755867390500295 0.3273305613776201 0.5743367409841651 0.32716595257882314 0.5739271078519437 0.32557859955679186 0.5738965611097043 0.3247132814767481 0.5680867506548422 0.3251083425938609
49 0.562641580868929 0.3098859665198611 0.5658346314838432 0.3098859665198611 0.5688596268032353 0.316757560825641 0.5726750707652987 0.32476709413610794 0.5725518302152495 0.33615999831844434 0.5710729436146575 0.3417469032540132 0.5712075222953114 0.34689792005745207 0.5703873564347332 0.3505431016600217 0.5691571076438658 0.35098052345233005 0.566860643234247 0.35039729439591893 0.5661224939597266 0.3473353418497604 0.5660404773736688 0.3442733893036019 0.5634525203485481 0.3440842353980421
49 0.5859219607360758 0.3320824346726125 0.5852615180760158 0.335369971469355 0.5839406327558961 0.33630926769699565 0.5827518359677885 0.335369971469355 0.5820913933077284 0.32996901816042085 0.5819593047757166 0.3201064077701934 0.5830160130318124 0.3165840469165407 0.5853936066080279 0.3142358063474389 0.5864503148641237 0.3132965101197982 0.5893562625683871 0.3069562605832234 0.5919980332086267 0.3055473162417623 0.5941114497208183 0.3055473162417623 0.5960927777009979 0.29826777047754677 0.5980741056811776 0.2980329464206366 0.5999233451293452 0.2987374185913671 0.6017725845775128 0.3053124921848521 0.60626359466592 0.30672143652631323 0.6098299850302433 0.31259203794906765 0.611547135946399 0.31470545446125925 0.6126038442024948 0.31564475068889997 0.6124717556704827 0.3219850002254748 0.6079807455820756 0.33325655495716333 0.5935299450639289 0.33345460069324856 0.5929137423136822 0.33584472045178065 0.5920174474042328 0.33713936865431887 0.5903929128808554 0.33694019200777453 0.5896646732669277 0.33514760218887546 0.5896646732669277 0.33275748243034337 0.5888922250269599 0.33254837782385194
49 0.6584979947233706 0.32332763936403414 0.6653705610439536 0.3153718003159173 0.669366239137316 0.31366697766274937 0.6810336191699338 0.31679248586022385 0.684389988768358 0.320486268275421 0.6914223822126755 0.33071520419442835 0.6847807782235643 0.3415204145861902 0.6796137333019219 0.34254106543490964 0.6770712191341295 0.3435617162836292 0.6760050035153778 0.3454572107169654 0.6752668542408575 0.345748825245171 0.6735445059336433 0.3453114034528626 0.6732984561754699 0.3419578363784985 0.6687055273562321 0.3423952581708069 0.6602578189922769 0.32956421892976173
49 0.6467485948076281 0.3145737901461532 0.658504474156694 0.3173916788290754 0.6627313071810773 0.3227926321380095 0.6656372548853408 0.3263149929916621 0.6703924420377717 0.32772393733312316 0.6725058585499634 0.3342990109266082 0.6718454158899035 0.34298750103228476 0.6714491502938675 0.34768398217048835 0.6702603535057599 0.3521456392517818 0.6697319993777121 0.35731176850380575 0.6684111140575925 0.3608341293574584 0.6665618746094247 0.361538601528189 0.6631275727771134 0.3613037774712788 0.660089536540838 0.3544938798208836 0.6485978342557961 0.3465098618859376
49 0.5998207359262484 0.3363462070547511 0.604462115599498 0.33290814803752916 0.6087167136333101 0.3222501650841412 0.6133580933065598 0.31537404704969735 0.6190700505317663 0.31057581664763456 0.6232968835561495 0.3091668723061735 0.6264670083244369 0.3035310949403292 0.6330714349250357 0.3028266227695987 0.6441668716140416 0.30447039116797 0.6462802881262333 0.30987134447690406 0.6460161110622094 0.31198476098909567 0.6494504128945207 0.31104546476145495 0.6512996523426883 0.31128028881836506 0.6514317408747003 0.3136285293874669 0.6555264853670715 0.3159767699565687 0.6593570527954188 0.3288920930866285 0.6625271775637064 0.34180741621668825 0.6622630004996825 0.3519048506638259 0.662404665511964 0.36174197222111154 0.6611371364547067 0.3630674928038641 0.6597950468646697 0.3657185339693693 0.659770889252049 0.3733292754993601 0.6585800084224895 0.3780927988175981 0.6566944471090203 0.3798570667132419 0.654709645726421 0.3796806399236775 0.6527248443438219 0.3780927988175981 0.6516332035833924 0.37279999513066703 0.6516332035833924 0.37068287365589453 0.6496484022007931 0.36909503254981524 0.6380895290764805 0.36889479167219535 0.6343910501801452 0.37218232846893784 0.6328059877960015 0.3733564487534887 0.6309567483478339 0.37312162469657856 0.6288433318356422 0.36936443978601574 0.624616498811259 0.36936443978601574 0.6240025513144674 0.3760883918315819 0.6225960726256038 0.37921390002905636 0.6180250168867975 0.37921390002905636 0.6146846300007466 0.3739005360933498 0.6143330103285307 0.36671186723915844 0.6069489972119972 0.3648365623206738 0.6058941381953497 0.3720252311748651 0.6041360398342702 0.3739005360933498 0.6013230824565433 0.37327543445385486
36 0.6934278696882943 0.32409501035035654 0.6948808435404263 0.1432804865295201 0.696597994456582 0.1432804865295201 0.6959375517965217 0.32432983440726665
24 0.717701713181117 0.31772578506325644 0.7175625457334159 0.2974360746016287 0.7164319537413092 0.2893963093244252 0.7104021297834066 0.29341619196302693 0.7055028978176107 0.28872632888465827 0.702289087905924 0.28067774223562836 0.6964873633143619 0.27414543010290665 0.6922327652805499 0.2645188648546853 0.6852706957706755 0.26555028255985186 0.6792755803593946 0.26039319403401895 0.6810067379886313 0.24584758073957289 0.687036561946534 0.228428089305632 0.6923126579096988 0.21703842182959368 0.700226801854446 0.21033861743192409 0.7092715377912998 0.20966863699215713 0.7175625457334159 0.21033861743192409 0.7217080497044741 0.2150284805102928 0.7283968485679531 0.23048208058418812 0.7266072816702699 0.25924718953491205 0.7318778833228902 0.2590179704271302 0.7360288816044928 0.27130683745071726 0.7299990576465902 0.27666668096885294 0.7220849137018429 0.28470644624605645 0.7210479974186411 0.2930547546976273 0.7202744341397662 0.29718042551829366 0.7202744341397662 0.3195278091302362
49 0.6849012374212721 0.33041948477687316 0.6880233299961006 0.32486909797717806 0.6917458249891653 0.3220939045773305 0.6971494467532915 0.31355484796241495 0.7011121027136508 0.3109931309779403 0.7071161268960132 0.311420083808686 0.7182836118752075 0.31398180079316074 0.7232069117047447 0.31611656494688967 0.7251281994431007 0.3225208574080763 0.7254884408940424 0.3265769093001612 0.7254884408940424 0.33340815459209366 0.7198446581626218 0.34771107442207716 0.7099380182617236 0.34828746074358397 0.7094096641336758 0.349696405085045 0.7086660413551807 0.3512493057004828 0.7072188464793381 0.35121673872718673 0.7063029003553871 0.35051654880132194 0.7057111852373406 0.34805263668667374 0.7049186540452687 0.34805263668667374 0.7046544769812447 0.35110534942650606 0.7035977687251489 0.35204464565414684 0.7001634668928375 0.3518098215972366 0.6992388471687537 0.3489919329143145 0.6989746701047298 0.3471133404590331 0.6915777123120591 0.3454695720606618 0.6901247384599274 0.34828746074358397 0.6877471448837119 0.3489919329143145 0.6853695513074963 0.34805263668667374
36 0.7637041842973019 0.33571274608314905 0.7652324813619032 0.31261847932917275 0.7639225124493877 0.3100955762384022 0.7643591687535597 0.301168380686445 0.7668699425025476 0.2945700187567375 0.7699265366317504 0.28991235151223804 0.7762580530422417 0.28603096214182194 0.7796421393995734 0.28486654533069705 0.7796421393995734 0.2840902674566138 0.7766947093464135 0.28447840639365546 0.7692715521754926 0.2887479347011132 0.7658874658181609 0.2943759492882167 0.763485856145216 0.30058617228088264 0.7627217076129152 0.30990150676988143 0.760975082396228 0.3118422014550895 0.7597742775597555 0.330666939901608
49 0.7253990943197208 0.35307669106963946 0.7245257817113772 0.3563758720344932 0.722907033150149 0.3572864242926479 0.7210214718366799 0.35710999750308353 0.7193343906614705 0.3569335707135191 0.7178457896245212 0.3549928760283111 0.7177465495553912 0.35022935271007305 0.7161201478560698 0.3457020512658488 0.7166659682362845 0.3385214809305789 0.7196133982894443 0.3321171884693922 0.7264907350801504 0.32765359069341365 0.7314031185020833 0.3204730203581438 0.7367521582281882 0.31523314470808195 0.7483235502887413 0.3173679088618109 0.756729184144049 0.31775604779885247 0.7616415675659819 0.3208611592951854 0.7633881927826691 0.32493661813412233 0.7667722791400008 0.33425195262312113 0.7673180995202155 0.34007403667874536 0.7675364276723013 0.3513300658529522 0.7668814432160437 0.3538529689437228 0.7664447869118719 0.35967505299934704 0.7654623102274853 0.36297423396420075 0.7634973568587121 0.36413865077532565 0.7596766141972088 0.3635564423697632 0.7586941375128221 0.3594809835308262 0.7450822396264667 0.35661622707125634 0.7431643141416528 0.36002587237759215 0.7398079445432285 0.36059414659531475 0.7370908834397423 0.3603100094864534 0.7360932676828098 0.3571937725167706 0.7359940276136799 0.3538416635150476
36 0.7937850386877968 0.33137678598400777 0.7994479086708012 0.14101283342403617 0.7827167019028349 0.12316621287153882 0.7693317364884619 0.11538691673327076 0.7585208028845453 0.11218367714692506 0.7590356092466365 0.10989564887096387 0.7675299142211425 0.11035325452615612 0.7842611209891087 0.11950536763000091 0.7997053118518468 0.13460635425134482 0.7994479086708012 0.1309455090098069 0.80305155320544 0.1309455090098069 0.7975612227466651 0.33650474241243133
34 0.7831552187049053 0.15706317896649247 0.7842100777215529 0.15518787404800777 0.7993297236268357 0.15768828060598733 0.7973958154296484 0.22957496914790046 0.7826277891965815 0.22988751996764792 0.7813971203438259 0.22801221504916322
34 0.7973517961628837 0.2661594864215034 0.8059664781321728 0.2661594864215034 0.805439048623849 0.29147610282104675 0.7968243666545599 0.29147610282104675
49 0.8005398026256998 0.3668265838547937 0.7995227209292076 0.36992626140600804 0.7977791523066495 0.37070118079381165 0.7924031490537621 0.3696679549434069 0.7913860673572698 0.3691513420182045 0.7905142830459908 0.3665682773921925 0.7771469236063789 0.3639852127661805 0.7762751392950998 0.3660516644669901 0.7746768680577549 0.3668265838547937 0.7713350281978519 0.36630997092959133 0.769736756960507 0.3639852127661805 0.7685743778788017 0.3577858576637518 0.7687196752640147 0.35055327671091824 0.7713350281978519 0.34306238929548355 0.7774375183768052 0.3350548889548464 0.7842664954818244 0.3273056950768105 0.7892066065790723 0.32420601752559614 0.7963261784545177 0.32420601752559614 0.8175586887720583 0.3277747279516018 0.823727855921086 0.3402548821841174 0.825855154937992 0.3516004769409498 0.8243660456261578 0.3716443610113537 0.8188350681822019 0.3724007339951425 0.8162823093619146 0.37013161504377606 0.8162823093619146 0.36786249609240956
49 0.929541278015808 0.32268981061056906 0.9355363934270887 0.3199393633967915 0.9682194419595547 0.31822033388818055 0.9964545016384899 0.3216583929054026 0.9997395833333333 0.3220021988071248 0.9997395833333333 0.4034841975152845 0.9956809383596149 0.4069222565325063 0.9896858229483342 0.40589083882733973 0.986978351472272 0.4021089739083956 0.9850444432750846 0.39557666177567397 0.9848510524553657 0.3917947968567298 0.96589875212293 0.3893881555446745 0.9633846714665865 0.3976394971860071 0.9604838091708053 0.4007337503015068 0.9554556478581183 0.40107755620322905 0.95062087736515 0.3986709148911737 0.9481067967088064 0.39179479685672985 0.9270271973594645 0.38766912603606357
49 0.8268507527451604 0.3512257004535111 0.8297516150409414 0.3467562237311226 0.8401947193057531 0.34159913520528973 0.8427087999620966 0.3409115234018454 0.8432889724212527 0.3364420466794568 0.8458030530775963 0.3343792112691237 0.8485105245536586 0.33541062897429025 0.857599893080439 0.32268981061056906 0.8605007553762201 0.3192517515933472 0.8734579402973751 0.31718891618301404 0.8769389750523123 0.31375085716579204 0.8995657009594044 0.3130632453623477 0.9020797816157479 0.3158136925761252 0.9219990360467774 0.3178765279864584 0.9324421403115889 0.31959555749506924 0.9370835199848386 0.33025354044845723 0.9424984629369632 0.34950667094490007 0.9434654170355568 0.3673845778344541 0.9436588078552756 0.3776987548861199 0.9423050721172445 0.38595009652745255 0.9415315088383696 0.3893881555446745 0.9351496117876512 0.39041957324984106 0.9341826576890575 0.39351382636534077 0.9326355311313077 0.4000461384980624 0.9293478871960893 0.4062346447290619 0.9252866799819959 0.40864128604111727 0.9212254727679025 0.4082974801393951 0.917164265553809 0.40485942112217316 0.9154237481763404 0.4000461384980624 0.9148435757171842 0.39557666177567397 0.8929904130889673 0.39454524407050734 0.8912498957114987 0.40107755620322905 0.8889292058748739 0.4062346447290619 0.8854481711199367 0.4076098683359507 0.8792596648889373 0.4069222565325063 0.8755852393142812 0.40279658571183996 0.8742315035762502 0.40038994439978465 0.8737133708920599 0.3970849726471194 0.87216624433431 0.39914780805745254 0.870038945317404 0.39949161395917476 0.8675248646610604 0.39777258445056374 0.8650107840047169 0.38986504871095334 0.8377426784243754 0.385739377890287 0.8255590567820953 0.3599539352611225
11 0.816451767120443 0.43619138309648015 0.8201277909663364 0.4205638421091077 0.8233243334410261 0.4117555917344069 0.8212465808324777 0.40891422064579375 0.8236439876884951 0.3975487362913411 0.8257217402970434 0.3961280507470345 0.8270003572869195 0.4009583815976769 0.8295575912666712 0.3881722116989177 0.8260413945445124 0.3878880745900563 0.8254020860495745 0.3930025425495601 0.8242149703882372 0.395403084840428 0.8222055435748846 0.3961280507470345 0.8212129582970561 0.39454917917893645 0.8204474452138053 0.39101358278753084 0.8199679638426018 0.3790798242153555 0.8166115942441771 0.37055571094951606 0.819168828223929 0.36259987190139925 0.8185295197289909 0.3537916215266984 0.8130953975220182 0.34839301645833354 0.8137347060169561 0.3404371774102166 0.8161321128729735 0.3356068465595743 0.8196483095951324 0.3356068465595743 0.8249226046783704 0.340721314519078 0.8303567268853431 0.34015304030135535 0.8346720592261744 0.34896129067605614 0.840425835680616 0.36487296877228986 0.8437822052790404 0.3816370581951075 0.839786527185678 0.39555977652931196 0.8369096389584573 0.40237906714198346 0.8357908490923158 0.4194272936736623 0.83451223210244 0.4310769151369763 0.8353113677211124 0.44187412527370623 0.8321148252464226 0.4432948108180128 0.8295575912666706 0.44301067370915154 0.8266807030394498 0.44187412527370623 0.8284388014005292 0.4370437944230639 0.8305165540090776 0.42084797921796885 0.8301968997616086 0.4072093979926257 0.8282789742767948 0.412039728843268 0.8263610487919808 0.4214162534356915 0.8249226046783704 0.4305086409192536 0.82348416056476 0.4376120686407865 0.8209269265850082 0.44102171394712236
36 0.6823085718457996 0.4159643583060328 0.6838556984035494 0.41733958191292153 0.6846292616824244 0.41665197010947713 0.6884831152596156 0.22289585662016406 0.6850853932698133 0.2254126877237214
44 0.6685936430148229 0.22204074258140066 0.6682068613753853 0.21894648946590095 0.6856516802681137 0.18161982652182426 0.6870673977638648 0.18161982652182426 0.7029234337162757 0.22339922284087557 0.7026402902171256 0.22641942016514433 0.6869657708881025 0.26089080947600835 0.6846450810514777 0.26192222718117497
41 0.7464938337237041 0.2697349153351423 0.7153480488171825 0.26520461934873923 0.7099683223333286 0.25815749225877876 0.7111008963299296 0.22745215279537967 0.7170469098120836 0.22090839192613065 0.7504578427118068 0.22543868791253382
36 0.7321039604160648 0.43670383856228784 0.7377122941879081 0.44048570348123195 0.7469950535344072 0.4391104798743432 0.7537520017176113 0.41371151553762575 0.7533265419142301 0.39782768287806053 0.7503483232905616 0.39480219094290525 0.7554068233682646 0.10476057785446927 0.758832859707982 0.09866984658386059 0.8157050629472906 0.045071411402504216 0.8705216443827685 0.0 0.858187913559786 0.0 0.8064547648300535 0.04385326514838248 0.7578050488060667 0.09014282280500843 0.7547216161003211 0.08587931091558236 0.7557494270022361 0.0 0.748212147054858 0.0 0.7406748671074794 0.39163402070013803 0.737248830767762 0.39407031320838154 0.7357783859907207 0.41779451396756734 0.7342312594329709 0.429827720527844
44 0.7363006677542969 0.261681055803759 0.7623498696761151 0.2626877882451819 0.7637655871718662 0.25815749225877876 0.7631993001735657 0.22543868791253382 0.739132102745799 0.22543868791253382 0.7363006677542969 0.22845888523680258
36 0.03786592250092802 0.3639117434539437 0.03420040776122888 0.22566668185973443 0.03841245981470289 0.21693057389697348 0.039348471382141564 0.206946450510961 0.03607243089610622 0.1990423528303678 0.03232838462635154 0.19571431170169698 0.02620832388828276 0.19529830656061312 0.021528266051089408 0.20112237853578704 0.020124248699931402 0.20736245565204486 0.02059225448365074 0.21568255847372192 0.02433630075340542 0.22400266129539897 0.027612341239440764 0.2273307024240698 0.03117693069142827 0.3810020031281066
3 0.0 0.3596844436809762 0.04008462517469349 0.36212073618921964 0.04197904876821886 0.42600194484737286 0.04431907768681553 0.4316747422257891 0.04474453749019675 0.4358347936366276 0.04431907768681553 0.44718038839346 0.0 0.45928235613408164
34 0.0 0.38130552274816093 0.031356387509195435 0.37714547133732235 0.03276040486035344 0.4287301088317202 0.0 0.4362182013712295
36 0.2259588059644468 0.46577848715464426 0.22734816693226625 0.4588978423616338 0.23012688886790508 0.45801570841381195 0.22284931362485919 0.15000398838169202 0.2256807486163612 0.14950062216098056 0.23350134083655938 0.4572236768737315 0.23746399679691865 0.4570102004583586 0.23842464066609667 0.4636279693349182 0.2365774933613524 0.46489635320682243
44 0.2140688637398925 0.15078214451780114 0.21796860149642333 0.14737499035773405 0.22141262885550947 0.14478363367261252 0.22389363058375847 0.14478363367261252 0.22438983092940826 0.17248263963421884 0.22339743023810865 0.17424690752986258 0.22111490864811958 0.1753054682672488 0.21744024736837544 0.17790211775605724 0.2150612644311921 0.17989256479592244 0.214534299664112 0.17813694181296744
46 0.5335033148826543 0.45986700269872244 0.5339713206663735 0.42533857598876257 0.5309292830721979 0.3899781389966349 0.5391193842872863 0.38623409272688025 0.5526915520151471 0.38789811329121565 0.5594776358790774 0.3887301235733834 0.5587756272034985 0.4062023394989053 0.5573716098523405 0.44364280219645214 0.5580736185279194 0.4590349924165547 0.5454374623674973 0.4602830078398063
2 0.0 0.4688177478809486 0.11016856148753165 0.4692753535361409 0.23449429793257323 0.4697329591913331 0.37169019342989656 0.4688177478809486 0.5256172956951862 0.46744493091537187 0.6105603454402455 0.47293619877767873 0.7184122782983665 0.4784274666399856 0.7938314103447375 0.48163070622633125 0.8198291316303464 0.48071549491594673 0.8321844843205369 0.4788850722951778 0.8373325479414496 0.47568183270883213 0.8394540695765271 0.4744677772554351 0.8395017280999055 0.47443816625486845 0.8395024548138681 0.47443816625486845 0.8404818697809002 0.4820076566560457 0.8397096602377634 0.48658371320796806 0.8350764029789419 0.49161737541508266 0.8139693421332 0.4948206150014284 0.732372533741734 0.49299019238065933 0.5655752724241636 0.48978695279431367 0.3645433880275237 0.48566850189758365 0.21087368894328046 0.4838380792768147 0.0759339384084619 0.4833804736216225 0.0 0.48292286796643047
8 0.6895108076083957 0.4794426499955088 0.6795441564383087 0.48885559832281317 0.6801898085594206 0.49968824073901225 0.6829584285548449 0.501416365163423 0.7794594717768173 0.5029689209115895 0.7829983070416603 0.5011621977064994 0.7752466591510758 0.4904663702290898 0.765619780179969 0.48140577825628345
46 0.5997441383600071 0.4025240834707368 0.6081682424669552 0.4016920731885691 0.6243144420052722 0.4000280526242337 0.63297254900408 0.4004440577653175 0.6339085605715186 0.4046041091761561 0.6327385461122202 0.40834815544591074 0.6327385461122202 0.4154202428443363 0.6320365374366413 0.44162856673261913 0.6308665229773429 0.4811490551355853 0.6282924911668866 0.49196518880376544 0.6247824477889916 0.49321320422701703 0.6137843118715872 0.49321320422701703 0.607373746743941 0.492957827339382
31 0.36966807477752034 0.4619170555605401 0.36928129313808283 0.3553372260266601 0.37469623609020736 0.34158498995777237 0.3864930760930501 0.3353964837267729 0.42439767675792195 0.3347088719233285 0.40892641118042333 0.4388820601451531 0.4031246865888613 0.4406010896537641 0.40351146822829875 0.46294847326570665 0.3996436518339241 0.46294847326570665 0.3990634793747679 0.4416325073589306 0.38243186887895675 0.4416325073589306 0.38262525969867556 0.45847899654331814 0.37991778822261324 0.45744757883815157 0.37991778822261324 0.44128870145720844 0.3725689370733013 0.44197631326065284 0.3725689370733013 0.46226086146226225
34 0.49769279743132216 0.35499342012493795 0.4988531423496345 0.34742969028704973 0.5238005580933511 0.34983633159910504 0.5238005580933511 0.4254736299779876 0.5007870505468218 0.4251298240762654
31 0.4067991121635172 0.4615732496588179 0.40525198560576736 0.3549934201249379 0.41066692855789194 0.3405535722526058 0.4189827338057975 0.3329898424147175 0.4327134820058276 0.3323022306112732 0.44006233315513943 0.33780312503882826 0.4431565862706392 0.34467924307327213 0.44625083938613896 0.3625571499628262 0.4466376210255764 0.45779138473987385 0.4387085974171084 0.4632922791674289 0.4077660662621109 0.4619170555605402
31 0.47333398426622814 0.46048593765863866 0.46720987960021837 0.46027246124326576 0.4657689137964514 0.43422833856777315 0.45027853140595603 0.43614962630612913 0.45039861188960323 0.46048593765863866 0.4481170827003055 0.46091289048938444 0.4455953925437137 0.35524206487980353 0.4470363583474807 0.3462760554341422 0.4477568412493642 0.34414129128041326 0.4735741452335231 0.34307390920354885 0.47789704264482413 0.3599385460180072 0.47621591587376266 0.4570703150126721
31 0.473611457732715 0.36262490609989456 0.47850211817258204 0.3502695534097041 0.4998665821993698 0.35209997603047305 0.503212823552963 0.45094279755199684 0.4985795662941416 0.4596373050006493 0.4777299086294452 0.4591796993454571 0.4746410704568975 0.4587220936902649 0.47541328000003447 0.4541460371383425
46 0.435020276530747 0.49736216231740443 0.44705882006269954 0.5036043700747131 0.47319120581322954 0.5053010365688172 0.49546067732599236 0.5027781334780467 0.4961628004282356 0.4997870545162122 0.49625301867289917 0.4957773547533855 0.4979671653215076 0.4957773547533855 0.5033687878493321 0.4971583771495782 0.504967059086677 0.5005163611633938 0.5048217617014639 0.5049075710276142 0.49962797546347987 0.6175273500963354 0.5010292243264244 0.6651562325606347 0.48403265804508633 0.6732629958818149 0.4653778901753251 0.6732629958818149 0.44838132389398716 0.6681041464956093 0.4413339671431885 0.6607343616581728 0.44174851754029426 0.6091458677961171
36 0.5980157519699267 0.293259462195146 0.5945897156302091 0.5082622760476329 0.591603637352408 0.6621357707664471 0.5940795600304308 0.6640703208266349 0.5968826806720177 0.6635166179838521 0.6007565810417005 0.5064350566664503 0.6031548064795028 0.293259462195146 0.6041013080940173 0.0 0.5999972591626699 0.0