16 0.013033175355450234 0.9004739336492891 0.36156342459765534 0.7450646842951797 0.3947274563661198 0.7283151733010057 0.47349472442193247 0.6983021121062098 0.48896344564988714 0.6963267991056112 0.49090210489471287 0.6962445021212476 0.49455076259668423 0.6957677832143494 0.4979460030723385 0.697125879404611 0.493061600664201 0.6974616345758501 0.47384872328064087 0.7021193018203495 0.42261438359114767 0.7238550822946799 0.37050673129331074 0.7494722521394264 0.28186550154643125 0.7919734657454836 0.0 0.9237466348711121 0.0 0.9051159658931145
16 0.8139564913320271 0.7808835380980162 0.7271139066591569 0.7422258072199588 0.64807296427765 0.710609430267356 0.6541293675975357 0.7095909544200849 0.6746647313743309 0.7170818418355197 0.7785039293400124 0.758927488776914 0.8232555239856701 0.7798503122476115
44 0.4331415110130495 0.6356676023897566 0.4399608016257211 0.6356676023897566 0.4393214931307831 0.6524316918125744 0.4322890996864655 0.6518634175948518 0.4322890996864655 0.6481696351796546 0.42887945438012975 0.6478854980707933 0.42887945438012975 0.6456124011999028 0.4320759968548195 0.6453282640910415
36 0.8285685132078222 0.6250510419473055 0.8330223623892234 0.6263012452262953 0.8402891689483515 0.6291142026040224 0.8459150837038057 0.6334899140804866 0.8484936279667221 0.6397409304754356 0.849665693540775 0.6522429632653336 0.8501345197703961 0.6756842747463921 0.8501345197703961 0.6866235534375529 0.8477903886222904 0.6866235534375529 0.8477903886222904 0.6594316321195249 0.8475559755074797 0.6453668452308897 0.8466183230482374 0.6384907271964458 0.8447430181297527 0.6363028714582137 0.8409924082927833 0.631614609162002 0.837710624685435 0.6294267534237699 0.8330223623892233 0.6284891009645275 0.8290373394374434 0.6275514485052851 0.8278652738633904 0.6272388976855378 0.8273964476337693 0.6247384911275581
16 0.6161137440758293 0.9273301737756713 0.5959715639810426 0.8451816745655607 0.5687203791469193 0.7582938388625592 0.5626437035925349 0.7331776275246862 0.5586308557485506 0.7144510042527599 0.5539728973483556 0.6997482648104246 0.5644072639191975 0.6994196233436265 0.5677758389538787 0.7056638112127916 0.5632570187854039 0.7062115469907886 0.5662126048486062 0.7162196462548985 0.5696222501549421 0.72730099350049 0.5849656540334531 0.7301423645891032 0.5907194304878949 0.7446333571410303 0.5939159729625847 0.7602608981284028 0.6569414857112003 0.933001956023304 0.6185698787063655 0.9323928828962432
36 0.38489116762727044 0.4452886294242357 0.37283151971146516 0.4452886294242357 0.3592644158061843 0.4499784925026044 0.3477072532202043 0.4600281990991088 0.3421799145921269 0.47208784701491396 0.340169973272826 0.4995570450453592 0.33615009063422424 0.5544954411062498 0.32911529601667117 0.6422628787157213 0.33363766398509814 0.6436028395952552 0.3381600319535251 0.5752648347390255 0.3451948265710782 0.48883735800908795 0.3477072532202043 0.4694079252558461 0.35172713585880605 0.46069817953887576 0.3622793277851356 0.4519884338219053 0.38036879965884346 0.44796855118330353 0.38539365295709566 0.44796855118330353
36 0.4567650597017552 0.5561242861594017 0.4455329208924911 0.558204311864821 0.4355487975064786 0.5656924044043304 0.43180475123672396 0.5756765277903428 0.43024473195765944 0.6047968876662126 0.4261886818320919 0.6692776845342101 0.42868471267859504 0.6696936896752939 0.43180475123672396 0.6314212166955793 0.43461278593903996 0.5773405483546783 0.4383568322087946 0.5681884352508335 0.44522091703667827 0.5619483581345757 0.4561410519901294 0.558204311864821
36 0.48426631334100656 0.6128391198938111 0.4720613329831 0.6154221845198232 0.4668306271154258 0.6221381525474543 0.4654745181867695 0.6474521858823716 0.4633434898703096 0.6838733971091403 0.46586197788067124 0.6833567841839382 0.4687679255849348 0.6252378300986688 0.4693491151257874 0.6223964590100556 0.4726425225239527 0.6180052491458353 0.47690457915687245 0.6156804909824245 0.4836851238001539 0.6146472651320197
36 0.49853988307943065 0.64721297679147 0.49408409659956004 0.6477295897166725 0.48982203996664025 0.649537734954881 0.4861411728745732 0.6541872512817024 0.4847850639459169 0.6689107196499706 0.4836226848642115 0.691641688358876 0.48401014455811336 0.6960328982230963 0.48517252363981866 0.6960328982230963 0.48730355195627856 0.6570286223703156 0.48982203996664025 0.6523791060434941 0.4950527458343144 0.6492794284922797 0.49853988307943065 0.6490211220296785 0.49853988307943065 0.6485045091044762 0.49853988307943065 0.6479878961792738
36 0.7962085308056871 0.29541864139020535 0.8258293838862558 0.30015797788309634 0.8495260663507108 0.311216429699842 0.8708530805687202 0.334913112164297 0.8803317535545022 0.3633491311216429 0.881516587677725 0.4218009478672985 0.8838862559241705 0.5339652448657187 0.8874407582938388 0.631911532385466 0.890995260663507 0.7109004739336492 0.8803317535545022 0.7093206951026856 0.8755924170616113 0.5687203791469194 0.8732227488151658 0.4312796208530805 0.8708530805687202 0.3586097946287519 0.8613744075829383 0.330173775671406 0.8459715639810426 0.3143759873617693 0.8258293838862558 0.30805687203791465 0.8068720379146919 0.30331753554502366 0.7962085308056871 0.3048973143759873
36 0.8129634275098166 0.5169220885881265 0.8223599031775483 0.5206069810068448 0.8367309836105494 0.530924679779256 0.8444692576898579 0.5464012279378726 0.8450219915526657 0.6068334636048522 0.8472329270038966 0.6856901613654233 0.8411528545130114 0.6864271398491669 0.8417055883758192 0.5943048293812101 0.8406001206502037 0.5500861203565909 0.8383891851989728 0.541242378551667 0.8339673142965108 0.5338725937142306 0.8262290402172024 0.5272397873605376 0.8173852984122786 0.5228179164580757 0.8118579597842013 0.5198700025231011
36 0.6672517755114967 0.5944328682415745 0.6761750857877453 0.5999241361038813 0.6806367409258697 0.6095338548629183 0.6802935366844756 0.6342445602432993 0.679757187400083 0.6710220814043815 0.6765182900291395 0.6708530126586785 0.6765182900291395 0.6077034322421494 0.6737726560979862 0.6017545587246503 0.6696542052012561 0.5990089247934969 0.667594979752891 0.5976361078279202
36 0.641168253165539 0.6141099114148407 0.644943499820875 0.6159403340356098 0.6511211761659702 0.6196011792771476 0.6521507888901528 0.6360749828640683 0.6519809035885021 0.6685433579146342 0.6497483592003935 0.668107378727525 0.6497483592003935 0.6369901941744527 0.6490619507176052 0.6223468132083011 0.646659521027846 0.6196011792771476 0.6421978658897215 0.6168555453459942 0.6408250489241448 0.6163979396908019
36 0.6238752747383073 0.6289905187114873 0.6281373313712271 0.6310569704122968 0.6331743073919504 0.6359647932017196 0.6337554969328031 0.6491384227943806 0.6333680372389013 0.6664449557886608 0.6316244686163432 0.6664449557886608 0.6322056581571959 0.6380312449025292 0.6291059806059816 0.63389834150091 0.62445646427916 0.6310569704122968
36 0.9410844141011674 0.6454632992461573 0.9424548286370543 0.6966254419192704 0.9470228770900109 0.6966254419192704 0.9474796819353065 0.6466814455002792
36 0.6042984298394226 0.6516489660975331 0.6049774411344602 0.6517312704969317 0.6060268222267908 0.6521427924939242 0.6067058335218284 0.6537065760824954 0.6060268222267908 0.6537065760824954 0.6044836147380692 0.652472010091518
3 0.0 0.5971563981042654 0.07109004739336491 0.608214849921011 0.1919431279620853 0.6208530805687204 0.3341232227488151 0.6398104265402843 0.351906915492911 0.6439615716513337 0.3941896780326739 0.6565457271691204 0.4281668979306977 0.6681231502454841 0.44855322986951196 0.6786938408804248 0.46780698781172547 0.6927880950603458 0.4576138218423183 0.6917813626189229 0.44289035988650804 0.6882577990739427 0.4240141266098281 0.6847342355289624 0.40362779467101384 0.6786938408804248 0.37908869141133 0.6751702773354445 0.3417137495235038 0.6726534462318873 0.25261792845757464 0.669129882686907 0.18504101332706058 0.669129882686907 0.058570250373305405 0.6701366151283299 0.03548731856015818 0.6706399813490415 0.0 0.6711433475697528
11 0.2151694681646625 0.6034018629441086 0.21766113095718428 0.6072777828435868 0.22056807088179298 0.608385188529152 0.22264445654222775 0.6189055425420216 0.22098334801387992 0.6244425709698478 0.220152793749706 0.6421610619388912 0.21849168522135817 0.6471443875239348 0.21683057669301034 0.6454832789955869 0.21849168522135817 0.6249962738126302 0.21683057669301034 0.628318490869326 0.21350835963631468 0.6482517932094999 0.21060141971170598 0.6632017699646304 0.20603337125874943 0.6787054495625435 0.21184725110796684 0.6825813694620217 0.20977086544753204 0.6853498836759347 0.2043722627304016 0.6842424779903695 0.19980421427744507 0.6787054495625435 0.2043722627304016 0.6548962273228912 0.2014653228057929 0.6432684676244563 0.20063476854161902 0.6333018164543694 0.20312643133414074 0.628318490869326 0.20312643133414074 0.6122611084286302 0.2085250340512712 0.6022944572585434 0.20935558831544512 0.595650023145152 0.21184725110796684 0.5928815089312389 0.2151694681646625 0.5928815089312389 0.2172458538250973 0.5962037259879347
13 0.36304863105410257 0.6525106968018791 0.36227371166629896 0.6535439226522839 0.36101120868657716 0.6551343770102969 0.3600488807434987 0.6554551529913231 0.3593235906867355 0.6548460787732563 0.35939828192918966 0.6527547239845407 0.359622355656552 0.6518584290750912 0.35992112062636855 0.6513604874587303 0.3605186505660015 0.6513604874587303 0.3611909649859039 0.6478683692738363 0.3626319307896709 0.6414640768126495 0.3637526819703785 0.6389023598281748 0.3645532185280269 0.6395427890742935 0.3648734331510862 0.6365541192590731 0.3655138623972049 0.6339924022745984 0.36727504282403123 0.6322845909516153 0.3693564378739169 0.6324980673669881 0.36983675980850594 0.6337789258592255 0.36983675980850594 0.6350597843514628 0.3695165451854466 0.6357002135975816 0.37031708174309497 0.6369810720898189 0.3712777256122729 0.6376215013359374 0.3719181548583916 0.6389023598281748 0.3727186914160399 0.6408236475665309 0.3735192279736883 0.6438123173817513 0.37367933528521796 0.6459470815354802 0.37367933528521796 0.6478683692738363 0.3733591206621586 0.6495761805968193 0.3727186914160399 0.6517109447505482 0.37255858410451026 0.6532052796581584 0.37255858410451026 0.6538457089042772 0.37319901335062894 0.6555535202272603 0.3730389060390993 0.6576882843809891 0.37207826216992124 0.66217128910382 0.37079740367768393 0.6660138645805319 0.37095751098921353 0.6704968693033626 0.37143783292380256 0.6713507749648542 0.3712777256122729 0.6734855391185831 0.37079740367768393 0.675406826856939 0.36983675980850594 0.6811706900720071 0.36919633056238726 0.6815976429027528 0.3685559013162686 0.6818111193181258 0.3682356866932092 0.6818111193181258 0.36807557938167956 0.6805302608258884 0.36839579400473893 0.6788224495029053 0.3685559013162686 0.6739124919493288 0.3685559013162686 0.6728451098724644 0.3685559013162686 0.6702833928879897 0.3685559013162686 0.6683621051496337 0.36871600862779824 0.6668677702420235 0.36919633056238726 0.6651599589190403 0.36919633056238726 0.6640925768421758 0.36919633056238726 0.6628117183499385 0.36919633056238726 0.6625982419345656 0.3690362232508576 0.6617443362730742 0.3688761159393279 0.6611039070269554 0.3685559013162686 0.6591826192885994 0.3679154720701499 0.6568343787194976 0.3671149355125016 0.656193949473379 0.36647450626638295 0.6570478551348705 0.36599418433179387 0.6589691428732265 0.3655138623972049 0.6604634777808368 0.3651936477741456 0.66217128910382 0.3640728965934379 0.6645195296729216 0.36311225272425984 0.6651599589190403 0.36247182347814116 0.6647330060882946 0.36311225272425984 0.6632386711806842 0.36359257465884887 0.6619578126884469 0.36311225272425984 0.6604634777808368 0.3623117161666115 0.6591826192885994 0.3619915015435522 0.6581152372117349 0.3626319307896709 0.6570478551348705 0.36359257465884887 0.6566209023041247 0.3637526819703785 0.6566209023041247 0.3637526819703785 0.6546996145657688
47 0.3645744105087756 0.6668792448265959 0.36612153706652545 0.6765058100748174 0.3645744105087756 0.6813190926989281 0.3625115750984424 0.6820067045023724 0.3599330308355259 0.679256257288595 0.3586437587040678 0.6754743923696508 0.35812804985148444 0.6703173038438178 0.35812804985148444 0.6665354389248737 0.3586437587040678 0.665160215317985 0.3617380118195675 0.6644726035145405 0.36354299280360897 0.6644726035145405 0.36276942952473407 0.6603469326938742 0.3640587016561923 0.6555336500697635 0.3645744105087756 0.6534708146594304 0.3609644485406926 0.652783202855986 0.3596751764092343 0.6555336500697635 0.35939828192918966 0.6553440203896171 0.3589016131303594 0.6531270087577082 0.3614801573932759 0.6514079792490972 0.3645744105087756 0.6510641733473751 0.3666372459191088 0.6520955910525416 0.3663793914928171 0.6531270087577082 0.3689579357557335 0.6531270087577082 0.37050506231348335 0.6534708146594304 0.37308360657639983 0.6548460382663192 0.37231004329752493 0.6558774559714857 0.37127862559235836 0.6551898441680414 0.36818437247685865 0.654502232364597 0.3666372459191088 0.654502232364597 0.36612153706652545 0.6558774559714857 0.36612153706652545 0.6586279031852633 0.36612153706652545 0.6610345444973186 0.36844222690315026 0.6627535740059296 0.37179433444494164 0.6644726035145405 0.3738571698552748 0.6668792448265959 0.37437287870785807 0.6703173038438178 0.3738571698552748 0.6737553628610398 0.37359931542898317 0.675818198271373 0.37308360657639983 0.6778810336817062 0.37231004329752493 0.6785686454851505 0.3710207711660667 0.6796000631903171 0.3697314990346085 0.6778810336817062 0.36947364460831683 0.6765058100748174 0.36947364460831683 0.6740991687627619 0.36947364460831683 0.6713487215489844 0.3697314990346085 0.67066110974554 0.37024720788719173 0.6685982743352069 0.37024720788719173 0.6682544684334847 0.36844222690315026 0.6672230507283181 0.3676686636242753 0.6672230507283181 0.3663793914928171 0.6672230507283181 0.36560582821394216 0.6668792448265959
11 0.4370080633179819 0.6592504330343965 0.4362141427649423 0.663308249194377 0.4364787829492888 0.6666603581961001 0.43634646285711554 0.6694831868291301 0.4374050235945018 0.6719531618830313 0.43899286470058113 0.6728352958308531 0.4387282245162346 0.6761874048325762 0.4385959044240613 0.6797159406238636 0.43819894414754146 0.6846558907316661 0.43846358433188803 0.6890665604707753 0.43978678525362075 0.6895958408394685 0.440845345991007 0.6899486944185972 0.44203622682056654 0.6899486944185972 0.44110998617535363 0.6876551461542604 0.44137462635970015 0.6735410029891106 0.442697827281433 0.6733645761995463 0.4416392665440467 0.6821859156777649 0.4421685469127398 0.6880079997333891 0.443227107650126 0.6887137068916466 0.4452119090327253 0.6892429872603398 0.44455030857185884 0.6873022925751316 0.44388870811099246 0.6837737567838442 0.44455030857185884 0.6798923674134281 0.44455030857185884 0.6744231369369325 0.44455030857185884 0.6700124671978231 0.44388870811099246 0.6647196635108921 0.44428566838751227 0.6604854205613472 0.44362406792664594 0.6594268598239609 0.4425655071892597 0.6585447258761391 0.44203622682056654 0.6580154455074458 0.44203622682056654 0.656604031190931 0.4416392665440467 0.654663336505723 0.4407130258988337 0.6541340561370297 0.43925750488492765 0.6541340561370297 0.43886054460840784 0.654663336505723 0.4387282245162346 0.6560747508222378 0.43899286470058113 0.6567804579804953 0.4391251847927544 0.6574861651387528 0.4387282245162346 0.6581918722970104 0.4378019838710216 0.6585447258761391
36 0.6124625169200821 0.641176141000453 0.6159028393165874 0.6431168356856611 0.6188138813443995 0.6454103839499978 0.6206663626348254 0.6517617483743153 0.6202694023583056 0.6586423931673258 0.6201370822661323 0.6674637326455444 0.6192108416209193 0.6672873058559801 0.6192108416209193 0.6542317234282164 0.6190807841505539 0.64888784796105 0.6165644397774538 0.6447046767917405 0.6127271571044287 0.6427639821065324
11 0.45802581964758043 0.6712758857828889 0.4568755745137868 0.6731381874280785 0.4559718104800919 0.6744527532952712 0.45547884827989465 0.6763150549404608 0.4550680464463969 0.6777391679632528 0.45531452754649554 0.6788346395192467 0.45564316901329377 0.6786155452080479 0.4562182915801905 0.6773009793408553 0.4567934141470873 0.6758768663180633 0.4575328574473832 0.6736859232060755 0.4576971781807823 0.6730286402724792 0.4576971781807823 0.6756577720068645 0.45761501781408276 0.6780678094300511 0.4572863763472846 0.6799301110752406 0.4570398952471859 0.6809160354756352 0.4565469330469887 0.6828878842764241 0.4568755745137868 0.6857361103220083 0.45662909341368824 0.6888034306787912 0.4564647726802892 0.6907752794795802 0.4560539708467914 0.692418486813571 0.4569976576855166 0.6924142219202344 0.457444694152079 0.6927718510934843 0.4578614989141814 0.6930757697471673 0.45810798001428 0.6914325624131764 0.4590117440479749 0.6882556949007942 0.459176064781374 0.6866124875668034 0.46016198918176854 0.6852979216996107 0.46016198918176854 0.6860647517888064 0.4598333477149703 0.6886938835231918 0.4596690269815713 0.6914325624131764 0.4596690269815713 0.6927471282803691 0.4598333477149703 0.6931853169027667 0.4603263099151676 0.6926375811247697 0.46098359284876395 0.6880366005895954 0.461147913582163 0.6869411290336015 0.4613122343155621 0.6861742989444058 0.4617230361490598 0.6856265631664089 0.46180519651575935 0.6847501859216137 0.46147655504896123 0.6829974314320235 0.46155871541566074 0.6805873940088369 0.4619695172491584 0.6794919224528431 0.4621338379825575 0.6786155452080479 0.4627911209161538 0.6764246020960601 0.463119762382952 0.6733572817392773 0.46270896054945426 0.6717140744052865 0.46155871541566074 0.670728150004892 0.46081927211536483 0.6702899613824944 0.460892883112577 0.6681775778197325 0.46023454512595546 0.6678774720769471 0.45960101756519395 0.6678774720769471 0.45928425378481313 0.6680310545159196 0.4587450469297741 0.6702965951170861
36 0.6452424500773304 0.5320927169781412 0.6529807241566388 0.5328296954618847 0.6662463368640246 0.5372515663643467 0.6734318770805251 0.5446213512017832 0.6773010141201794 0.5689416411653238 0.6758398586844331 0.6149659026472826 0.6750848093533659 0.6884573708711562 0.6705545133669627 0.6894641033125791 0.6731971860256979 0.5736898725489425 0.6720646120290971 0.5520451250583497 0.6622489707252235 0.5384542370991401 0.6460154101072789 0.5349306735541599
1 0.986432896094719 0.7104720369122669 0.9422141870700997 0.7051121933941312 0.8532742836910362 0.6950624867976268 0.7526243492607099 0.6936374489938146 0.6791508823802143 0.6909137253525998 0.6446829687301633 0.6948997958462436 0.6430894701246405 0.7043003923006663 0.6593149463785017 0.7051121933941312 0.738205143161061 0.7165018608701695 0.8517668277015605 0.7412911371415469 0.9996936274509803 0.7754601395696618 0.9996936274509803 0.7131519586713347
36 0.611933236551389 0.596795124651338 0.6234407894602723 0.6002047699576738 0.6319649027261118 0.6098654316589586 0.6315707709999098 0.6771908535349676 0.6301677790678212 0.6771908535349676 0.6304731829045899 0.6152640367273235 0.6291945659147139 0.6090130203323746 0.6236538922919183 0.6024778668285643 0.6123594422146809 0.5987840844133673
36 0.5910322258133526 0.6405421618340906 0.5963250295002838 0.6414242957819126 0.5989714313437493 0.6417771493610414 0.6037349546619875 0.6445999779940713 0.6067783167819728 0.6505984888392599 0.6074399172428392 0.658714121159221 0.607307597150666 0.6611840962131222 0.6061636385208713 0.6609392538642357 0.6062490364132798 0.6551855853679336 0.6051904756758935 0.6505984888392599 0.6028087140167745 0.6460113923105862 0.5984421509750563 0.6433649904671207 0.5935463075646449 0.6426592833088632 0.5927523870116053 0.6424828565192988
36 0.7119871429295781 0.5657520370111533 0.7191601115747165 0.5672621356732876 0.7263330802198548 0.5743092627632481 0.7316184255373251 0.5889068831638806 0.7312409008717915 0.6754858731262522 0.727088129550922 0.6754858731262522 0.7282207035475228 0.5894102493845921 0.7248229815577204 0.5793429249703628 0.7206702102368507 0.5733025303218252 0.7153848649193805 0.5707856992182679 0.7131197169261789 0.5707856992182679
36 0.5697082168186475 0.6650122390980668 0.5736847785669053 0.6668679679139208 0.574977161135089 0.6688562487880496 0.5745795049602632 0.6892692657624395 0.5736847785669053 0.6891367137041643 0.5736847785669053 0.6765442681680145 0.5736847785669053 0.6692539049628752 0.572292981955015 0.6672656240887462 0.5699070449060604 0.6656749993894432
36 0.5810921104086149 0.6680224033708124 0.5810921104086149 0.6694684258247243 0.5810017340052454 0.6754935193826905 0.5818151216355708 0.6754935193826905 0.5819958744423098 0.6685044108554495
36 0.687018718140735 0.6259181234035449 0.6852575377139086 0.6257046469881721 0.6841367865332011 0.641288425310393 0.6839126944270123 0.6713136959325872 0.6865383962061461 0.6718155527087163 0.6871788254522647 0.6487600998484442 0.6865383962061461 0.6415019017257659
36 0.5192480058465817 0.6794235277362883 0.5188405990695591 0.6967156820499109 0.5193159069760854 0.6967156820499109 0.5196554126236043 0.67933299289695
36 0.5170072685729579 0.6881148723127688 0.5181615877745217 0.6884770116701222 0.5182140630781852 0.6985345401527024 0.5171430708319653 0.698345309158001
11 0.4877991146104027 0.6923707542074118 0.48788127497710226 0.6911657354958185 0.4887028786440977 0.6897416224730265 0.48952448231109313 0.6894129810062284 0.49026392561138904 0.6898511696286258 0.4904282463447881 0.6910561883402191 0.49034608597808854 0.6917134712738155 0.49034608597808854 0.6923707542074118 0.4907568878115862 0.6928089428298094 0.49092120854498533 0.6944521501638002 0.49092120854498533 0.6963144518089898 0.48896344564988714 0.6964844232563641 0.4874704731436046 0.6967526404313874 0.48558078470951516 0.6967526404313874 0.48599158654301283 0.6952189802529959
36 0.5279095292121576 0.676711782784963 0.529102497736635 0.6768443348432382 0.5282696566533932 0.6993278808686949 0.5269606444720052 0.6994072149402942
44 0.527313044949919 0.6836044898152766 0.529301325824048 0.6847974583397539 0.5304942943485252 0.6871833953887087 0.5299972241299931 0.6943412065355726 0.5278101151684512 0.69553417506005 0.5262194904691481 0.6946063106521232 0.5248276938572579 0.6920878215448932 0.5247282798135514 0.6867857392138828
4 0.9996936274509803 0.7060229005953773 0.8372581089845195 0.6931068774989106 0.6895310948186812 0.6860030647958538 0.6377055521441087 0.6956900821182038 0.6381899030102262 0.7002106902019674 0.6455646680055436 0.6993091936028631 0.6572464512194963 0.6986463973921425 0.6975113210207801 0.6966580087599803 0.7887286495212191 0.7052743594993497 0.9996936274509803 0.7374199757193045 0.9996936274509803 0.7075941462368722
49 0.5320410710382144 0.6956529817040087 0.5342594009391021 0.6956529817040087 0.5384495796407788 0.6959816231708069 0.5409143906417649 0.6965293589488037 0.5436256827428498 0.6986107549051922 0.5435435223761502 0.6997062264611861 0.5421467961422581 0.6998157736167855 0.5392144560401716 0.6998649211252254 0.5347875238274601 0.6998649211252254 0.5321735257590018 0.6998087061130004 0.5288006250255073 0.6998087061130004 0.5279330527032372 0.6985012077495928 0.5285081752701339 0.6975152833491983 0.5292476185704298 0.6967484532600026 0.5301513826041248 0.696310264637605 0.5317124295714161 0.6957625288596081
49 0.5611260023065917 0.700082856465711 0.5623482226376593 0.6971857416068842 0.5665580926668919 0.6932022086759972 0.5754531406318837 0.6936548828726891 0.5792355145924599 0.6957696113216494 0.5795951095316126 0.6997207171083576 0.5795951095316126 0.7023462274491695
49 0.6278497662618377 0.701315565320177 0.6279401426652073 0.702400082160611 0.6276690134550987 0.7038461046145229 0.6271267550348818 0.7045691158414789 0.6259518617910784 0.7049306214549569 0.6246865921439054 0.7049306214549569 0.6234213224967324 0.7044486139703195 0.6225175584630375 0.7039666064856822 0.6219753000428205 0.7030025915164076 0.6215234180259731 0.7007130559643804 0.6211619124124951 0.6972185017007599 0.6208004067990172 0.6917959174985902 0.6208907832023867 0.6775766967017894 0.6223368056562986 0.6766126817325148 0.6310129403797701 0.6768536854748335 0.6361643953718314 0.6770946892171521 0.6386045582628078 0.6778177004441082 0.6406832155403062 0.6807097453519318 0.6426714964144351 0.6857708239406237 0.6440271424649775 0.6878193557503323 0.6448405300953031 0.6964954904738039 0.6445694008851947 0.703123093387567 0.6442078952717165 0.7055331308107534 0.6433945076413912 0.7060151382953908 0.6421292379942182 0.7062561420377095 0.6409543447504147 0.7062561420377095 0.6401409571200892 0.7057741345530721 0.6396890751032417 0.7040871083568416 0.6395083222965028 0.7032435952587263 0.6392371930863944 0.7026410859029296 0.6348991257246586 0.7025205840317703 0.6312840695898786 0.7019180746759737
49 0.6225943417479055 0.7042300548051881 0.6225383550675934 0.7069000560774401 0.6220834145566683 0.7081252157221704 0.6203203073550688 0.708993993183828 0.617828960222374 0.7094028296363728 0.6162191666904789 0.7092495159666685 0.6147700250429199 0.7068930320814648 0.6133782284310297 0.7030490223914823 0.6103889647862286 0.7028903563146135 0.6044947061348734 0.7025695803335874 0.5975178285475551 0.7020884163620482 0.5921047338677392 0.7020884163620482 0.5864510572021536 0.7019280283715351 0.5853684382661904 0.7022488043525612 0.5852481472733057 0.7038526842576919 0.5845264013159968 0.7056169521533356 0.5828423274156096 0.7062585041153878 0.5811582535152224 0.7060981161248748 0.5795944706077201 0.7054565641628225 0.5792335976290657 0.7044942362197442 0.5791133066361809 0.7030507443051266 0.5791133066361809 0.7012864764094828 0.5791133066361809 0.6995222085138391 0.5792335976290657 0.6982391045897346 0.5793538886219505 0.6975975526276823 0.5791793979565064 0.6960689000467348 0.5777901057144481 0.6918235849692119 0.5780306877002177 0.6834834094625326 0.5797189264481616 0.6765730871904083 0.5785289153741725 0.6767894528402245 0.5771766300628213 0.6766452090736804 0.575770253339016 0.6760682340075038 0.5754457048642916 0.6756355027078714 0.5756620705141078 0.674048821275886 0.5762570760511023 0.6726063836104446 0.581179394584421 0.6722457741940843 0.5824814544369553 0.6687277143353306 0.5852481472733057 0.6637556866294255 0.587413385145232 0.6603875388286511 0.5909018239388912 0.6586232709330074 0.5929467708179328 0.6595855988760858 0.5937888077681264 0.6600667628476251 0.6016077223056383 0.6607083148096773 0.6106295467719982 0.6613498667717296 0.6130353666296943 0.6603875388286511 0.6144788585443118 0.6610290907907034 0.6183281703166253 0.6708127582120004 0.6207397530691666 0.6744524685086983 0.6220571910960541 0.6781906057756014 0.6231398100320173 0.6898989290830552
44 0.3392144958671491 0.5642574228298347 0.3341216351536677 0.5685786379806674 0.3336586478160785 0.5733113974315793 0.33797986296691124 0.5817480555832052 0.3455419894808684 0.574751802481857
44 0.8842802675533341 0.5377268586588149 0.870446053645066 0.5541675186657423 0.8854832426757923 0.5746180957475302 0.9008211754871331 0.5565734689106586
2 0.0 0.7196136837128094 0.08224139424684847 0.7129282444425309 0.2478158826641761 0.694490645732323 0.38442113942180683 0.6859218837608833 0.4152411632203203 0.6855904856555228 0.45469965089777675 0.6904619365200951 0.46680860263109764 0.693249608861579 0.467284410827089 0.6940790848132617 0.46863801260519644 0.6947595980465494 0.44759201606829435 0.693852735448218 0.3516764726310618 0.6954371810035234 0.0 0.7416682276245413