61 0.0 0.0 0.9996141975308642 0.0 0.9996141975308642 0.3534338358458962 0.40201005025125636 0.3936348408710218 0.0 0.3827786192184384
21 0.0 0.41290371471105375 0.2775158731416493 0.360647534689847 0.30304484485262423 0.35402891239440903 0.4696922990770433 0.3502468425113017 0.9996141975308642 0.32660890574188056 0.9996141975308642 0.9994855967078189 0.0 0.9994855967078189
59 0.2619577934879803 0.334505283952531 0.27915935275424014 0.32758746002500605 0.2913996246252514 0.32317655124265965 0.3072788962416984 0.3192067333385479 0.3489619842348718 0.30773837050444725 0.6105822093110094 0.27366892304848406 0.6570158460627699 0.26673056353385316 0.6924315013352873 0.27034865116075185 0.6887019996661826 0.2916600892699219 0.5544399395784111 0.32149610262276 0.35714983049087 0.34117767539176513 0.3031172486434938 0.35215425138937245 0.29591332927367103 0.3442136215752218 0.27552120898753774 0.34550646592603285 0.27146296786166185 0.3439604693066516 0.2685669290358353 0.34068927043005615
14 0.4669469038222614 0.5172512477950504 0.6098304093269243 0.5043352246985836 0.6684368641271421 0.49593980968588025 0.6766708288511396 0.512730639711287 0.7574560948546456 0.6850745880550737 0.7920265924362854 0.7399021842196394 0.7023414247553672 0.7503854646862745 0.5434743406688267 0.7891335339756747 0.4288236471501529 0.8269258175559364 0.23869346733668345 0.9229480737018426 0.19221105527638194 0.9380234505862647 0.25821589806892403 0.8249620549966831 0.39916200010911707 0.6176598842983922
35 0.13357609537623977 0.8730578512396695 0.23039999999999997 0.872 0.46761838345853274 0.5176577697921461 0.4284317635209151 0.5228826524504951
4 0.25501000455666956 0.41825048777664253 0.24904483866018312 0.4215644688302461 0.21399948901832502 0.43879717030898485 0.21002271175400072 0.4414483551518677 0.20877996885889938 0.44409953999475055 0.2085314202798791 0.4487391134697956 0.2535187130825479 0.4334948006232191 0.27017146787690605 0.41825048777664253 0.27340259940416956 0.411291127564075 0.27315405082514926 0.40797714651047134 0.26644323919160195 0.411291127564075
63 0.0 0.4160853308039896 0.0560177395523838 0.40842478522417647 0.12180267471902939 0.3969339668544567 0.1835658234562731 0.3862092030427184 0.21286741029905845 0.38161287569483066 0.24101991530487185 0.37739957562593335 0.2496380290821617 0.37395233011501744 0.25049984045989065 0.3666748118141949 0.0 0.38722093895799
35 0.6688167681436719 0.4971474062597971 0.7043395541026366 0.4906823294878391 0.7090053145527496 0.4994947632873233 0.7163050815754063 0.5112649302695914 0.7217374663364531 0.5212243023315106 0.724114134669411 0.5273357351876881 0.7312441396682849 0.53684240851952 0.7361672383579836 0.5458963831212647 0.7446191802360534 0.5576577224782959 0.7489122920554944 0.5669971236293606 0.7565947026797578 0.5793492348291559 0.7638252067967116 0.5910988040192049 0.7767655496335216 0.6088496916263252 0.7868814767996466 0.6256184357575594 0.8024654727042175 0.6478552486272395 0.8158622411134105 0.6682693719174376 0.8360940954456605 0.6977240355218663 0.8538379785019173 0.7241894882159448 0.838199301909962 0.7298033721207492 0.7683730940909527 0.7423281840499301 0.7518858368735928 0.7013329608892407 0.7411554606459609 0.6735594741466662 0.7323787640163947 0.6533917457212798 0.7226683762560235 0.6294892527726738 0.715759061888067 0.6130562888705072 0.7079160563893057 0.5966233249683406 0.703434338961442 0.5834271569862977 0.6983924068550956 0.5709779419088988 0.694657642331876 0.5572838053237599 0.6901759249040124 0.5483203704680327 0.6864411603807927 0.5396059199138533 0.683266610536056 0.53138943796277 0.6802787989174801 0.5231729560116868 0.6772909872989045 0.5157034269652474 0.6746766521326507 0.508731866521904 0.6719790339560426 0.5043152087678378
74 0.8645996083237408 0.5337729186371359 0.8687078492992825 0.5295401855108203 0.8730028285009851 0.5292912012092722 0.8883153630461857 0.5275483110984365 0.9116576413163088 0.5270503424953404 0.9286508198969583 0.5282952640030804 0.9355601342649149 0.5307851070185602 0.9364938253957197 0.5350178401448757 0.9310784168370513 0.5390015889696435 0.9159526205180114 0.5414914319851233 0.8952246774141422 0.5419894005882192 0.8741232578579509 0.5402465104773834 0.8662802523591896 0.5375076831603556
35 0.026937445096099893 0.4794951002741479 0.03953913475681694 0.4747509747036997 0.11821194943843961 0.44791046699682757 0.1336178530967208 0.44298057782617756 0.1761365261001718 0.42814160662683964 0.18736046155688008 0.42423023517980496 0.2145274871509581 0.41436677674815237 0.2216699915324997 0.41130570344177736 0.24067415497624442 0.4058637953415552 0.2462861227045986 0.4039931394321038 0.2596783184199892 0.3992314698444094 0.26452501782174953 0.39753087356308997 0.2657012819937228 0.39910026236184687 0.259989228838575 0.40108361415182875 0.24642310259509906 0.40592299251938446 0.24059204833255235 0.4078270102377671 0.22227164934682875 0.4138026746460248 0.21338594375834868 0.4176357241155653 0.18798039691914548 0.4259943412638382 0.17535346953034867 0.4316063089921924 0.13340401076090144 0.4456362283130779 0.11769050112150985 0.45180939281426746 0.04024534647022266 0.4781856411375319 0.026235949130055624 0.4817398873654895
63 0.0 0.42508503289092026 0.09793311110556625 0.40593366894138727 0.2125801398398158 0.38643409837459014 0.2548872438374204 0.3798181726465697 0.27055654161431103 0.3752914866221347 0.29441445075165473 0.36905190647887715 0.2987506778444827 0.367135250862333 0.30086509525726635 0.36659825596384826 0.3005630356268687 0.36458452509453054 0.2762043863686525 0.36284893108192956 0.27443230320365297 0.3606338271256801 0.2935006844850177 0.3613644348635699 0.3001004615692896 0.36088877525389257 0.32713595101961285 0.35967356664740324 0.339034182637778 0.361073932178595 0.33372728260583284 0.3639788046333224 0.3265475544421901 0.36762122786167484 0.31728780769040577 0.37024014613490674 0.29634693563164677 0.3752333596362859 0.2706060919189481 0.38219034442350175 0.24648854465659972 0.3874467329293982 0.21094733113468858 0.39424598268077216 0.13756349346856603 0.41283566675983285 0.03177628834836858 0.43611569895456875 0.0 0.4423115869988116
63 0.6357423094135796 0.33906633609038217 0.6271617383662798 0.3453067513975093 0.6185811673189799 0.34842695905107296 0.37882492945696833 0.36727149428382977 0.36649599831943197 0.3678585862427601 0.34227845501355697 0.3790133334624358 0.3171802737692865 0.3884068048053207 0.27623060963389784 0.40660665553216013 0.25509529911240697 0.42128395450541767 0.24899126117126735 0.42284183280665505 0.22903281027593975 0.43086166695637573 0.21864347967289247 0.4374233494425109 0.20880095594368983 0.4476304110876099 0.19458397722373041 0.4509112523306774 0.175719140076092 0.4582020106486054 0.160955354482288 0.4538275556578486 0.15028736713764118 0.46374947607653155 0.15699817877118846 0.4677262533408558 0.15550688729706683 0.4726972249212612 0.1478018813474385 0.47468561355342337 0.1413396182929115 0.46838904955157656 0.1388541325027088 0.47170303060518015 0.13537445239642504 0.4766740021855855 0.11971589191814808 0.48529035292495487 0.11275653170558055 0.5041800449304954 0.11250798312656028 0.5194243577770719 0.12071008623422919 0.5296976990432432 0.16296334466767495 0.5389768459933332 0.20969047752348555 0.5412966327308557 0.21739548347311394 0.539639642204054 0.23007146100314763 0.5389768459933332 0.24423873000730298 0.5386454478879729 0.2688450393303096 0.5426222251522972 0.3168149150812216 0.5366570592558106 0.3344618641916607 0.5343372725182882 0.38392303141669437 0.5306918933593243 0.4239393526389577 0.5290349028325224 0.4614701880710184 0.5214127464092342 0.4751403599171331 0.5187615615663513 0.47563745707517374 0.5154475805127477 0.5524780882483329 0.5074627147487129 0.6705801708956572 0.4964354427928469 0.687451896988132 0.4959943519146122 0.7013462596525232 0.4924656248887351 0.71887962206235 0.4898190796193273 0.775190685734677 0.47692124143691206 0.8293245662452916 0.4737133077770238 0.8346659775989415 0.47702744415052273 0.9177432377459624 0.4620845482599288 0.9727075019092317 0.45745309403846507 0.9996141975308642 0.4540566942760584 0.9996141975308642 0.3366248807559438
4 0.0 0.44078555894114707 0.07381892796902015 0.4248784498838498 0.15335447325550652 0.4069829521943904 0.22294807538118208 0.39140724124245346 0.27216069402719556 0.3811338999762822 0.3052176550368914 0.3731803454476335 0.32733847856969545 0.3662209852350659 0.3338007416242225 0.36323840228682275 0.337031873151486 0.3612500136546606 0.3385231646256076 0.3609186155493002 0.3385231646256076 0.3612500136546606 0.33156380441304 0.36588958712970565 0.3196334726200671 0.3715233549208317 0.2739005340803374 0.38312228860844433 0.21946839527489823 0.3943898241906966 0.16975867947084425 0.4069829521943903 0.07108489359979707 0.42918662525353446 0.0 0.44608792862691293
24 0.33770585218471655 0.4536553073501294 0.33261299147123524 0.44799657322403896 0.3302363231382773 0.45161816306473684 0.3139391688551368 0.4495810187793443 0.297302490524431 0.44980736814438793 0.30590256776302566 0.44223637210998423 0.35226167240365297 0.4430024985736359 0.39884086914523087 0.4415468986754616 0.44505616591226516 0.4415468986754616 0.4901797627556688 0.44057649874334537 0.5218390605409599 0.43960609881122914 0.5498593585808154 0.44397289850575206 0.5884327558824342 0.45076569803056554 0.6208198536168124 0.4609548973177857 0.6408343522167088 0.47308489646923824 0.6462928518348625 0.4706588966389478 0.655390351198452 0.4750256963334707 0.6470206517839496 0.4798776959940517 0.6568459510966262 0.48084809592616795 0.6706741501292823 0.4881260954170395 0.6757687497728928 0.4886112953830976 0.6812464023466033 0.4880494835948123 0.6834872610605351 0.49029034230874413 0.6838607375128571 0.49626596554589564 0.6375496574249331 0.5007476829737593 0.5856364305521798 0.5064743219093628 0.5227056483359281 0.5136948666542541 0.4752741388910383 0.5186745526852137 0.4760210917956823 0.515188772463542 0.48162323858051176 0.5112050236387743 0.4762078300218433 0.5057273690047188 0.47471392421255537 0.5027395573861431 0.478822165188097 0.5014946358784031 0.4732200184032675 0.49825783995827944 0.47041894501085274 0.49626596554589564 0.47209958904630167 0.49029034230874413 0.4713526361416577 0.48232284465920877 0.4713526361416577 0.48132690745301693 0.479008903414258 0.48033097024682503 0.4780752122834531 0.47809011153289316 0.47228632727246256 0.47709417432670126 0.4711658979154967 0.47584925281896134 0.46892503920156486 0.47485331561276944 0.4663107040353111 0.47311042550193355 0.4607085572504816 0.4698736295818099 0.45604010159645697 0.4708695667880018 0.4496910019069835 0.46688581796323414 0.4478236196453736 0.46862870807407 0.44464906980063695 0.46887769237561794 0.44203473463438325 0.4656408964554942 0.4381132318850025 0.4648939435508503 0.34636371539763494 0.453881656715173
35 0.0 0.46341201154441736 0.23099657385783903 0.399372672361796 0.28673361697808347 0.38457748471431685 0.28494799088269807 0.38355712694552524 0.18112658790814656 0.41110678670290013 0.0 0.4593335370777249
4 0.9996141975308642 0.4381993569060108 0.935340087167877 0.44421423251830133 0.9040627339839662 0.4462191910557315 0.83188422663648 0.4554420003279103 0.7250631634975185 0.47323721032272564 0.7136148702983777 0.48850160125491354 0.7206599738055413 0.4908499690906348 0.8351429057969505 0.479695221870959 0.8633233198256051 0.4726501183637954 0.9095568115913665 0.46854047465128323 0.9996141975308642 0.45973409526732867 0.9996141975308642 0.45464001691293826
15 0.6844251535265741 0.496044829579884 0.6851904218531677 0.49349393515790485 0.6840425193632771 0.4907729811077937 0.6839149746421782 0.48907238482647436 0.6521967516334181 0.49197417518335207 0.5796862984151082 0.500738422597841 0.4780073342704525 0.5125153800610602 0.474104505343688 0.5185408001585213 0.5404525970986855 0.5122414973293575 0.5835891273418727 0.5084071390855186 0.6300122503654934 0.501833953524652 0.6716706814166784 0.49740530660493953
24 0.06962446830265867 0.9991404386629301 0.0952581154330528 0.9994855967078189 0.21370391814724182 0.9357209622998727 0.33567227261501265 0.8775988583657726 0.4572003081135855 0.8247605820620447 0.5461447398915267 0.7995156278280416 0.7368028535541432 0.7472644434832446 0.7841518328459146 0.7409587343999687 0.8248666473936889 0.7402193399760809 0.8645038147580119 0.7215021267893654 0.8939967255577324 0.723193673167102 0.9217368206171892 0.7138002018242172 0.9996141975308642 0.6845409892953614 0.9996141975308642 0.9994855967078189
4 0.7527458971642385 0.7395529148678324 0.8139896424304661 0.7352551081824832 0.8945735177807657 0.7103278294074572 0.9026546785768383 0.7137660747557366 0.9058780335908504 0.7043109000479681 0.9374669127281676 0.6948557253401997 0.944558293758994 0.7034513387108983 0.9426242807505868 0.7215021267893654 0.8375429072937965 0.7472889669014611 0.7995073181284551 0.7524463349238804 0.7543803479322875 0.7507272122497406
64 0.0 0.3471607712784709 0.008369699414502283 0.34133837168577363 0.007641899465415127 0.3316343723646116 0.0032750997708921974 0.32920837253432106 0.0032750997708921974 0.32387117290768197 0.0 0.32241557300950763 0.0 0.29572957487631196 0.00582239959269724 0.29669997480842814 0.006186299567240818 0.29233317511390516 0.00873359938904586 0.28651077552120796 0.012736499109025213 0.28651077552120796 0.017831098752635298 0.2850551756230336 0.02037839857444034 0.2860255755551499 0.02037839857444034 0.28165877586062693 0.02037839857444034 0.2738955764036973 0.02365349834533254 0.2734103764376393 0.025472998218050425 0.27583637626792984 0.02729249809076831 0.2743807763697555 0.026928598116224736 0.267587976844942 0.031330828924217125 0.26620196972724525 0.03317953736321087 0.26894079704427304 0.03831483858263794 0.2678452661174619 0.040368959070408765 0.27222738982470635 0.04406637594839626 0.2755139826051397 0.043450139802065 0.2798961063123841 0.04488802414350459 0.281265519970898 0.047558380777606664 0.2798961063123841 0.047558380777606664 0.2725012725564091 0.056596510923798304 0.2711318588978952 0.05844521936279204 0.27332292075151743 0.06214263624077953 0.27332292075151743 0.06337510853344203 0.2711318588978952 0.06275887238711078 0.26428479060532584 0.060088515753008706 0.2607243150931897 0.05844521936279204 0.2563421913859453 0.06111557599689412 0.25305559860551197 0.06460758082610452 0.25250783314210645 0.06645628926509828 0.2552466604591342 0.06707252541142952 0.2552466604591342 0.06809958565531493 0.25223395041040364 0.07118076638697118 0.25168618494699807 0.0709753543381941 0.2538772468006203 0.07364571097229616 0.25360336406891754 0.07508359531373575 0.2588071359712703 0.07652147965517532 0.2546988949957287 0.07713771580150658 0.2519600676787009 0.08330007726481906 0.2500428885567814 0.08617584594769821 0.2560683086542425 0.08987326282568571 0.2552466604591342 0.09007867487446279 0.2527817158738092 0.09398150380122736 0.2519600676787009 0.09788433272799192 0.2541511295323231 0.09932221706943149 0.25825937050786474 0.10322504599619607 0.25908101870297306 0.10919910436103676 0.26154596328829804 0.11184101817622312 0.26859106679546174 0.11712484580659586 0.27035234267225267 0.12505058725215498 0.26800397483653143 0.13209569075931865 0.2697652507133223 0.134737604574505 0.2773974461794163 0.13781983735888914 0.28385545772764964 0.13714921700459987 0.2910386008074258 0.13851623418921138 0.2946839799663898 0.1352353929461438 0.2976002832935609 0.13359497232461 0.3001520487048357 0.1352353929461438 0.30671373119097084 0.13113434139230934 0.30707826910686725 0.13386837576153232 0.31509810325658794 0.13878963762613367 0.3161917170042771 0.1445311098015019 0.3176498686678627 0.1456247235491911 0.3249406269857906 0.14316409261689042 0.330773233640133 0.1458981269861134 0.3300441578083402 0.1472651441707249 0.32676331656527263 0.15874808852146136 0.32056617199503384 0.1715980500568093 0.3172853307519663 0.17569910161064375 0.32384701323810144 0.17815973254294443 0.3223888615745159 0.18280759097062352 0.32457608906989427 0.19429053532135998 0.3344186127990969 0.1986649903121167 0.3347831507149933 0.20659368998286337 0.3333249990514078 0.2080929483887611 0.33625319703771195 0.20724413826984756 0.33806399195806086 0.20571628005580314 0.3405538349735407 0.20911152053145737 0.3407801843385843 0.20996033065037092 0.3376112932279737 0.2125067610071116 0.33715859449788643 0.21726009767302762 0.33149986037179596 0.22116462422003 0.33059446291162153 0.22557843683838052 0.3274255718010109 0.23525487219399513 0.3292363667213598 0.2403477329074765 0.33308430592710137 0.2420453531453036 0.33149986037179596 0.24679868981121952 0.32810461989614176 0.25104274040578733 0.3283309692611854 0.253589170762528 0.3262938249757928 0.2556263150479206 0.3260674756107492 0.2607191757614019 0.32855731862622894 0.2625865580230118 0.3301417641815343 0.27245892147393264 0.33847792572479396 0.27473694332164184 0.3400349994347676 0.27768322637902776 0.33984793384382245 0.28076980862962253 0.33648075320681 0.2839935200464806 0.34175537277303875 0.2873989152363616 0.3420721537209347 0.29254660563967 0.3393267188391702 0.29500165798586325 0.3392211251898715 0.30157486265470324 0.339960280734962 0.30466347689668827 0.3416497791237401 0.3106808476169575 0.33653387908238935 0.3211346188975223 0.33746310319621736 0.3378336677293378 0.32800822111226496 0.33973102721676035 0.32842985655391443 0.3408905246812963 0.3340516624425737 0.34352574619160536 0.3363003847980374 0.34573933226026493 0.3319434852343265 0.34869078035181106 0.33067857890937813 0.35227468160583136 0.3260405890512342 0.3499556866767594 0.32337023125412107 0.3462663765623267 0.3219647797819562 0.3455285145394402 0.31718624477659585 0.34152297784377045 0.31957551227927605 0.3389931651938738 0.3206998734570079 0.3375174411481007 0.320137692868142 0.3347768107773793 0.32505677302071884 0.3331956778711939 0.32238641522360567 0.3310875006629466 0.32280805066525514 0.3305604563608848 0.31802951565989473 0.32866309687346235 0.3219647797819562 0.3292955500359365 0.32421350213741995 0.3298225943379983 0.32730549537618253 0.33214158926707027 0.3295542177316463 0.3298225943379983 0.3302569434677287 0.32739819054851405 0.3347543881786561 0.3264495108048028 0.32983530802607924 0.32423592473614316 0.33363002700092426 0.32138988550500935 0.3296947628788628 0.31875466399470037 0.32997585317329575 0.31601403362397895 0.3256189536095848 0.3144329007177935 0.3235107764013375 0.31190308806789685 0.32182423463473975 0.3092678665575878 0.319856602573709 0.3063164184660417 0.32182423463473975 0.3048406944202686 0.32505677302071884 0.30262710835160905 0.32435404728463646 0.3017053199085016 0.3215766638548041 0.30041931597242333 0.3216775269086142 0.2991486159580011 0.32154314434030684 0.2974620741914033 0.3173267899238123 0.2966188033081044 0.3140942515378332 0.29482685268109426 0.3124077097712355 0.29398358179779527 0.3080508102075245 0.29419439951862 0.3065048135881432 0.29493226154150654 0.30594263299927726 0.2952484881227436 0.3024290043188652 0.2926132666124346 0.30313173005494765 0.29008345396253793 0.30032082711061797 0.29018886282295026 0.29540174695804094 0.2926132666124346 0.29287193430814434 0.2922970400311975 0.28921776048051573 0.29345653749573347 0.28612576724175315 0.2956701235643931 0.28429868032793887 0.2977783007726403 0.2806445065003103 0.3002027045621246 0.2796606904697949 0.30252169949119656 0.27769305840876424 0.30294333493284603 0.27558488120051694 0.30610560074521687 0.27431997487556864 0.3051569210015056 0.2730550685506203 0.3027325172120213 0.27094689134237304 0.3034703792349078 0.2647629048648479 0.30568396530356745 0.2623736373621677 0.30673805390769104 0.2619520019205182 0.30557855644315507 0.25801673779845674 0.30737050707016517 0.2543625639708282 0.3084245956742888 0.25337874794031284 0.30979491085964955 0.24874075808216892 0.31116522604501023 0.2463514905794887 0.3120084969283091 0.2448054939601074 0.3114814526262473 0.2424162264574272 0.31158686148665965 0.23496733365495368 0.31777436159286526 0.23066665215012924 0.3193976580432156 0.23453164369858254 0.32206450221164834 0.23607764031796383 0.3257748940981635 0.2292752551926861 0.330528833702761 0.22772925857330475 0.329949084970493 0.2251010643203566 0.3273981905485139 0.22262746972934647 0.32252830119746273 0.21489748663243996 0.3218326027187412 0.21242389204142986 0.3255429946052563 0.20685830421165727 0.32241235145100916 0.20314791232514215 0.32241235145100916 0.19804612348118386 0.32125285398647324 0.19696392584761693 0.3209050047471124 0.187533346469391 0.32287615043682355 0.18475055255450476 0.3264705925768851 0.1835137552589997 0.3302969342098538 0.18150395965380403 0.3302969342098538 0.17810276709116515 0.33342757736410095 0.17361937689495935 0.3393933142477753 0.17332738837597647 0.33982528826763336 0.17582323826848967 0.3426331193967107 0.17678318053484088 0.34544095052578794 0.18004698424043503 0.3457289332056933 0.18273482258621845 0.3421291497068762 0.18244683990631308 0.3421291497068762 0.1842707302123804 0.3443610154761428 0.1848466955721911 0.3452249635158589 0.18532666670536674 0.3453689548558116 0.1878225165978799 0.3478888033049835 0.18849447618432577 0.3479607989749599 0.17793511125446235 0.3560243140123101 0.17044756157692284 0.35609630968228645 0.16612782137834234 0.3578962014316949 0.16478390220545075 0.35768021442176595 0.16296001189938342 0.35912012782129255 0.16123211581995123 0.3607760282307484 0.1611361215933161 0.3607760282307484 0.15652839871483024 0.3637278506997784 0.15460851418212782 0.36660767749883205 0.15528047376857365 0.36552774244918695 0.15086473934335806 0.3671116471886664 0.13665759380136 0.3723673310969392 0.134257738135482 0.37323127913665527 0.13444972658875226 0.3731592834666789 0.11909065032713273 0.37546314490592153 0.11707477156779526 0.37949490242459666 0.11697877734116015 0.38345466427329544 0.11736275424770064 0.38345466427329544 0.11333099672902551 0.38518256035272763 0.10843529117063429 0.3855425387026093 0.10670739509120208 0.3832386772633664 0.10757134313091819 0.3830946859234137 0.10555546437158063 0.3853265516926803 0.10392356251878355 0.3868384607621835 0.1032516029323377 0.38813438282175766 0.09816390892067624 0.3946859887896046 0.0982599031473114 0.3959099151792024 0.09873987428048701 0.39569392816927335 0.10008379345337871 0.3977818025985873 0.10094774149309481 0.39842976362837434 0.10267563757252701 0.40166956877730975 0.10267563757252701 0.4010216077475226 0.09921984541366262 0.4052693522761266 0.09461212253517684 0.4100210664945652 0.09336419758892026 0.41074102319432865 0.09029238233659635 0.41621269411253053 0.08923644584361001 0.417364624832152 0.09000439965669099 0.4197404819413712 0.09029238233659635 0.41938874464784903 0.08348954767035531 0.4233426310019167 0.08280930915782754 0.4257659807027969 0.08399972655475114 0.42767915151928126 0.08297936878595948 0.42946477761466667 0.07498656626375814 0.433673753410932 0.07532668552002203 0.436734826717307 0.07328596998243872 0.43966835530258297 0.07413626812309843 0.44374978637774964 0.07396620849496649 0.4440048758199475 0.07753746068573729 0.44783121745291626 0.07447638737936231 0.45280546157577556 0.0748165066356262 0.45471863239225985 0.07617698366068175 0.4566318032087442 0.08076859362024422 0.46020305539951495 0.08025841473584838 0.46568747840677027 0.0811087128765081 0.47461560888369714 0.0811087128765081 0.4766563244212806 0.0822991302734317 0.4785694952377649 0.08399972655475114 0.48061021077534827 0.0850200843235428 0.4823958368707336 0.08774103837365389 0.48647726794590035 0.08876139614244555 0.4863497232248013 0.09437336387079968 0.48673235738809817 0.09811467568970243 0.48941079653117625 0.09964521234288994 0.48992097541557217 0.10202604713673713 0.4909413331843638 0.10474700118684822 0.4923443251164523 0.10491706081498017 0.4928545040008481 0.10168592788047326 0.49795629284480647 0.1018559875086052 0.5021652686410722 0.10440688193058435 0.503058081688765 0.10746795523695932 0.5044610736208535 0.11086914779959818 0.5080323258116243 0.10797813412135515 0.511858667444593 0.10848831300575097 0.5135167488188795 0.11086914779959818 0.5133892040977805 0.11427034036223704 0.5173430904518482 0.11393022110597317 0.5201490743160253 0.11103920742773014 0.5242305053911919 0.11103920742773014 0.5257610420443795 0.11342004222157734 0.5257610420443795 0.11733141366861204 0.5251233184388846 0.12124278511564673 0.5256534489793315 0.12308508337060779 0.5271653580488347 0.12433300831686438 0.5305491545377228 0.12414101986359412 0.5309811285575807 0.12740482356918828 0.5310531242275571 0.12942070232852584 0.5342929293764925 0.1283647658355395 0.536956769165617 0.12999666768833656 0.5386846652450492 0.12913271964862047 0.5429324097736534 0.12961269078179607 0.5435083751334641 0.13162856954113364 0.5453082668828726 0.1322045349009444 0.5452362712128963 0.13393243098037658 0.5463162062625414 0.13556433283317365 0.5491240373916187 0.1362362924196195 0.5495560114114768 0.13815617695232194 0.5503479637812165 0.14247591715090235 0.5524358382105305 0.14487577281678027 0.5527238208904359 0.15053943218825244 0.5563956000592293 0.14957948992190123 0.5592034311883066 0.14986747260180663 0.5596354052081647 0.15533914352000858 0.5638831497367688 0.15620309155972467 0.5646820211578572 0.15839303473359892 0.5714725021091657 0.1579403360035117 0.5735096463945581 0.16337272076455847 0.5726608362756446 0.16540986504995103 0.5699446438951212 0.16450446758977658 0.5724910742518619 0.16903145489064889 0.5724910742518619 0.17129494854108507 0.5738491704421236 0.17446383965169568 0.5762258387750815 0.1785381282224808 0.5772444109177778 0.1828387661583095 0.5769048868702124 0.18510225980874567 0.5763956007988642 0.19211909012509779 0.5780932210366914 0.19890957107640628 0.5763956007988642 0.20004131790162435 0.5760560767512989 0.20388925710736586 0.5752072666323853 0.20841624440823817 0.5780932210366914 0.2086425937732818 0.5804865070764935 0.21105401821842065 0.5829109108659777 0.21400546630996678 0.5843866349117508 0.22032999793470845 0.5833325463076271 0.22229762999573924 0.5830163197263901 0.22988706794542924 0.582700093145153 0.23213579030089296 0.5817514134014418 0.23171415485924352 0.5813297779597922 0.23438451265635668 0.5805919159369058 0.23621159957017093 0.582700093145153 0.23846032192563466 0.5840704083305137 0.24127122486996427 0.5864948121199981 0.24323885693099506 0.593978841209276 0.24843902737800497 0.5976681513237087 0.25124993032233456 0.5968248804404098 0.25532573959161264 0.593978841209276 0.2539202881194478 0.5936626146280389 0.256028465327695 0.5926085260239152 0.25912045856645766 0.5898678956531939 0.2579960973887258 0.5907111665364928 0.260666455185839 0.587865127305359 0.25897991341924115 0.5881813538865961 0.2633368129829521 0.589340851351132 0.2634773581301686 0.5914490285593793 0.2650233547495499 0.5926085260239152 0.2661477159272817 0.5931355703259771 0.26136918092192135 0.5961924272779356 0.2617908163635708 0.5985114222070075 0.26263408724686965 0.5988276487882447 0.2662882610744983 0.5983006044861828 0.276407511674085 0.5996709196715435 0.2778129631462498 0.6024115500422652 0.27935895976563113 0.6104226234336048 0.2787967791767652 0.612847027223089 0.27949950491284764 0.612530800641852 0.27767241799903336 0.6094739436898934 0.27078570578542577 0.6113713031773159 0.2712073412270752 0.6137957069668003 0.2765480568213015 0.6141119335480374 0.27148843152150814 0.613690298106388 0.2703640703437763 0.6135848892459755 0.2595420940081072 0.614006524687625 0.25560682988604566 0.6130578449439138 0.2554662847388292 0.6135848892459755 0.24956338855573695 0.6117929386189654 0.2450659438448095 0.6081036285045327 0.24127122486996452 0.6047305449713372 0.24028740883944913 0.6015682791589664 0.23986577339779966 0.601779096879791 0.2381792316312019 0.6018845057402034 0.23705487045347004 0.598827648788245 0.23607105442295467 0.599143875369482 0.23438451265635687 0.5957707918362865 0.23241688059532614 0.5942950677905134 0.23058979368151186 0.5971411070216471 0.2282005261788317 0.5990384665090697 0.22946543250378001 0.6010412348569045 0.22974652279821298 0.6031494120651517 0.2318547000064602 0.6044143183901001 0.23002761309264594 0.6047305449713372 0.23044924853429538 0.6054684069942238 0.22862216162048113 0.6049413626921619 0.22777889073718222 0.6049413626921619 0.22665452955945034 0.6071549487608215 0.22595180382336796 0.6077874019232957 0.22243817514295589 0.6048359538317496 0.2232814460262548 0.6050467715525742 0.22075163337635811 0.6053629981338114 0.21737854984316254 0.6074711753420585 0.21442710175161636 0.6049689617589474 0.21434423512853792 0.6049780097376913 0.2094205034318263 0.6068820274560739 0.20894449900223064 0.6068820274560739 0.20672314499745095 0.6050970108450903 0.20521579763706474 0.6055135147209865 0.20148709627189887 0.6070010285634728 0.2013284281287003 0.6085480429596587 0.19990041483991336 0.607953037422664 0.19871040376592425 0.6084290418522598 0.1975997267635344 0.6103925601243417 0.19736172454873657 0.6111065667687352 0.19577504311675112 0.6111805303600246 0.1851651343705376 0.6080182645476537 0.1851651343705376 0.6077020379664168 0.17757569642084756 0.6105480771975504 0.1774351512736309 0.6065425405018807 0.16872135214620906 0.6047505898748705 0.1646455428769311 0.6047505898748705 0.16169409478538493 0.6035910924103346 0.15846155639940587 0.6020099595041492 0.15958591757713772 0.6031694569686852 0.1643644525824981 0.6020099595041492 0.165207723465797 0.5985314671105413 0.1645049977297146 0.5986368759709536 0.15340193109961253 0.6015883240624997 0.15157484418579828 0.6022207772249739 0.1483423057998192 0.6044343632936335 0.14763958006373679 0.6053830430373447 0.1482017606526027 0.6080182645476537 0.14848285094703564 0.6077020379664168 0.14609358344435544 0.6059100873394065 0.14482867711940714 0.6038019101311594 0.14398540623610825 0.6035910924103346 0.13962850667239732 0.6015883240624997 0.13695814887528415 0.5995855557146649 0.1348499716670369 0.5981098316688919 0.13611487799198527 0.5966341076231187 0.1326012493115732 0.594947565856521 0.13274179445878967 0.5944901197686254 0.12943024322486724 0.592906215029146 0.12722237601225944 0.5939861500787911 0.12194269354732774 0.5963620071880104 0.12165471086742237 0.5969379725478211 0.12040678592116578 0.5984498816173243 0.11848690138846335 0.5985938729572768 0.11435914964315311 0.5960020288381286 0.11647102262912579 0.5952100764683889 0.11301523047026142 0.5960020288381286 0.11042338635111314 0.5982338946073952 0.1093674498581268 0.5994578209969931 0.10706358841888387 0.6009697300664962 0.10552768079272193 0.6006817473865907 0.10379978471328973 0.605793439954911 0.09948004451470924 0.6060094269648401 0.09746416575537169 0.6080253057241777 0.09631223503575022 0.6087452624239411 0.0922804775170751 0.6131870079679743 0.09083326188472525 0.6128995292577587 0.08917227378125775 0.6168284049640377 0.08355046789259846 0.6197990183029316 0.08188947978913096 0.6214280643274863 0.0825283213673877 0.623248762825518 0.08278385799869038 0.6231529365887795 0.0798451867387094 0.6251652875602882 0.0776731253726365 0.6267943335848428 0.07818419863524188 0.6292858157400442 0.07626767390047168 0.6338854751034928 0.06566290370140987 0.6384851344669419 0.05901895128753981 0.6359936523117405 0.05978556118144789 0.6333105176830623 0.057613499815374995 0.6244945039031193 0.05799680476232904 0.6234404152989957 0.05812457307798038 0.62311471418608 0.05160765522994452 0.6221754394041996 0.05084878630720849 0.6214088295102914 0.05353192093588679 0.6197797834857368 0.05327638430458409 0.6181507374611821 0.049315566519392326 0.6160425602529349 0.04842118830983289 0.6170008226203201 0.04382152894638439 0.6192048260653057 0.04279938242117362 0.6182465636979206 0.041393930949008804 0.6152759503590268 0.04216054084291688 0.6162342127264119 0.038710796320330504 0.6193964785387828 0.03551658842904683 0.6221754394041996 0.036283198322954915 0.6240919641389697 0.03704980821686299 0.6240919641389697 0.03832749137337646 0.6282124923187257 0.03832749137337646 0.6285957972656798 0.04011624779249533 0.6292665809228493 0.040499552739449364 0.630320669526973 0.038838564635981856 0.630320669526973 0.03487774685079009 0.6324288467352202 0.03474997853513875 0.6325246729719587 0.03347229537862527 0.6339620665230363 0.032833453800368534 0.634824502653683 0.03398336864123066 0.6363577224414991 0.034494441903836055 0.6369326798619301 0.028364566074599067 0.6382742471762693 0.025936968077223472 0.635974417494545 0.025298126498966733 0.635974417494545 0.021337308713774972 0.6376034635190997 0.018909710716399377 0.6379867684660537 0.016865417665977826 0.6418198179355942 0.012137989986877979 0.6427780803029791 0.013415673143391451 0.6447904312744878 0.013926746405996839 0.646131998588827 0.014182283037299534 0.6483360020338127 0.012649063249483367 0.6480485233235972 0.0035775128382377203 0.6446946050377493 0.003194207891283679 0.6452695624581803 0.0 0.9996141975308642 0.0 0.9996141975308642 0.36515912897822245 0.988653790350678 0.36339128834448875 0.9702161996705296 0.38419267270157914 0.9092303228054235 0.385138190172356 0.8510809983526477 0.37284646305225716 0.7822946023536325 0.37851956787691815 0.7638570116734842 0.3719009455814803 0.7397463161686746 0.3492085262828361 0.6957797537775515 0.36717335822759606 0.6886883727467252 0.35299059616594347 0.6720167737595278 0.3614075163571024 0.6536114408470629 0.3756151417632157 0.6230973362816605 0.3717403348342757 0.6037233016369605 0.3846563579307424 0.5407576890416858 0.39176017063379903 0.4618084978645333 0.393697574098269 0.4196699725123108 0.4001555856465024 0.3324868166111609 0.4117800064333223 0.32086239582434095 0.4137174098977924 0.3146358124478971 0.393577490205242 0.3088943402725289 0.39175480062576 0.3047932887186945 0.38264135272835015 0.3047932887186945 0.3735279048309403 0.30698051621407285 0.36951798775607997 0.3094411471463735 0.3684243740083908 0.31488012615277927 0.3709793294291578 0.3172688404650538 0.3747589925625701 0.318660237422497 0.3786239841110233 0.3199356846334866 0.3795515820826521 0.32005163437994016 0.3863539672079298 0.3340815537008255 0.39671214455778453 0.3427765532985379 0.3936347684078587 0.363317758176246 0.38267945913974766 0.3690692955420043 0.3837749900665588 0.37071259193222095 0.3741890944569617 0.36974130061763616 0.3678340834948144 0.36581292320778824 0.36615049317630816 0.3621651441843581 0.36297037813024086 0.3597800578998076 0.36558929640347276 0.3575352708084659 0.3596031974932284 0.35408772291014146 0.3571947122643455 0.3502397127616056 0.3575454759928319 0.3414008635894479 0.3573584104018867 0.33564859666788494 0.3575454759928319 0.30793898117842045 0.35849854060459113 0.3055145773889361 0.35906072119345706 0.30456589764522485 0.36327707560995154 0.3007711786703799 0.3642608916404668 0.2955007356497618 0.36440143678768333 0.2922330609769786 0.36369871105160095 0.28843834200213364 0.36271489502108556 0.28211381037739197 0.36285544016830207 0.27378651040481544 0.36215271443221964 0.2708545714346967 0.3702634997454581 0.26911532523789283 0.36949050143576745 0.2674920287875424 0.3704180994073963 0.26714417954818165 0.3773750841946121 0.25821604907125467 0.37953947946174593 0.25694060186026507 0.37010890008352 0.2513750140304924 0.36964510109770554 0.24917196884787407 0.3705726990693344 0.2472008231581629 0.3738192919700351 0.24185066820426265 0.37457069405973914 0.2422723036459121 0.3827223125982951 0.23995330871684015 0.3824412223038621 0.2395316732751907 0.37513287464860506 0.23467825054117436 0.3753652885894164 0.23073595916175207 0.37675668554685954 0.22273542665645382 0.37783888318042647 0.21283459375652752 0.3803008827967911 0.2098692421001048 0.38295839429999556 0.19137525754075607 0.3843188713250511 0.1898447208875686 0.38414881169691917 0.18385011899591763 0.3843188713250511 0.1798962326418499 0.3836386328125233 0.15885135366052203 0.38448893095318304 0.1503058573468919 0.38618952723450245 0.15425974370095957 0.39163143533472466 0.15362202009546477 0.393332031616044 0.1509435809523867 0.3952026875254954 0.14749987348271484 0.3948625682692315 0.1467346051561211 0.39197155459098854 0.14290826352315242 0.39095119682219687 0.14163281631216285 0.3923116738472524 0.12382502235232647 0.39470441281506885 0.11240466802512586 0.3961448178653464 0.1081451845193051 0.3968238659604772 0.08809289427009119 0.39789676195078394 0.09137948705052448 0.4006355892678117 0.09384443163584946 0.39981394107270335 0.09856890875772233 0.40173112019462276 0.10308797383081811 0.40337441658483936 0.10370420997714935 0.40857818848719213 0.05176004374914696 0.41645803932808456 0.04765207618197215 0.4147727193005256 0.04516177607568126 0.41186478126762543 0.04765207618197215 0.40887409920406953 0.052145785734102015 0.4055654784384616 0.06159473997784774 0.40282665112143384 0.06570298095338936 0.40282665112143384 0.06857874963626849 0.40090947199951443 0.06590839300216644 0.3957057000971617 0.05050248934388537 0.3962534655605673 0.04208059534402504 0.39543181736545896 0.04310765558791045 0.398992292877595 0.024854857902026798 0.4000878238044061 0.022184501267924747 0.4006355892678117 0.02238991331670183 0.40666100936527266 0.01889790848749145 0.40857818848719213 0.012940959072956101 0.40803042302378656 0.01047601448763113 0.39734899648737837 0.008421893999860321 0.40310053385313666 0.0 0.40337441658483936
88 0.3111168522355096 0.19383370800061123 0.30248363031986736 0.1935459339367565 0.30248363031986736 0.18059610106329313 0.30895854675659906 0.1791572307440194 0.31003769949605436 0.17484061978619828 0.312627666070747 0.17340174946692458 0.33424548247534525 0.3731417361991129 0.3350120923692533 0.3863018727112016 0.3279209508506035 0.3870684826051096 0.3244712063280171 0.3483546829627513 0.3231296390136779 0.3377499127636895
85 0.3071415687162303 0.3208446581475648 0.3083265382488039 0.3208387545026267 0.30875851226866197 0.32659840810073404 0.30926248195849637 0.33331800396519257 0.3101984256681888 0.34262944394879946 0.31196750327084743 0.35883269343944824 0.3121855075118211 0.3663753936392974 0.310995496437832 0.3663753936392974 0.30969730253893474 0.3514461638019793 0.3081286515777673 0.33853634669627924
85 0.2695084582952344 0.29334373152679144 0.27081517970530505 0.2934598845410197 0.2719476715940329 0.31692279341517615 0.2736899668074603 0.3364364998055639 0.27395131108947446 0.3439864457304162 0.2761291801062588 0.35862172552320715 0.2774359015163294 0.37662544272862425 0.2758678358242447 0.3763931367001673 0.27447399965350266 0.3580409604520647 0.27229613063671837 0.3395726311897335 0.27238324539738973 0.3356234287059646 0.2704667206626195 0.3159935693013486
84 0.28705057529739814 0.3022849682716388 0.28647684905695964 0.3009010201090552 0.2838829829560302 0.30086165965638084 0.2833980043394077 0.30167766562339265 0.28381406443637414 0.30278715921530325 0.2868096971345328 0.3032309566520675
85 0.2868249626980585 0.30076656150756964 0.2886983471063815 0.32401525881330057 0.2927565882322574 0.37426014894319304 0.29101734203545343 0.3744147486051312 0.28811859837411347 0.3329820392057122 0.28672720141667035 0.3097920899149924 0.2861474526844023 0.30298970478971465
15 0.08159999999999999 0.9935999999999999 0.2628 0.9056 0.40199999999999997 0.8368 0.579754737432129 0.7757157914404301 0.7213247990896162 0.7459115679335906 0.7687406092141335 0.7386863016289023 0.8263169500796188 0.7477178845097626 0.7538384974607137 0.752233675950193 0.6000757989140648 0.7901663240498068 0.4016796486262677 0.8681388899394378 0.30820276580936223 0.9087810129033098 0.16385034576850613 0.9994855967078189 0.07383319005103403 0.9994855967078189
63 0.9976598442598276 0.6792889570952415 0.9945396366062639 0.676168749441678 0.9945396366062639 0.658487572738151 0.9836189098187913 0.6491269497774601 0.9664577677241916 0.6522471574310238 0.9461764179760283 0.6886495800559324 0.9040536146529198 0.711531102848732 0.8697313304637202 0.7344126256415318 0.8494499807155568 0.7375328332950953 0.8455497211486023 0.7344126256415318 0.8347624199352631 0.7358769319921569 0.8383650296832447 0.7241350928135507 0.8255557505793106 0.7182641732242477 0.8167493711953562 0.7214664930002312 0.8027392221754284 0.723067652888223 0.7939328427914738 0.723067652888223 0.7879284932115047 0.7161292933735921 0.7851264634075192 0.7161292933735921 0.7819241436315357 0.7187978931869117 0.7827247235755316 0.7353432120294929 0.7811235636875399 0.7534896907600661 0.8207522709153355 0.780709408855926 0.8419676394312259 0.780175688893262 0.8727899672750671 0.7967210077358433 0.8691873575270855 0.8079291269517856 0.8763925770230485 0.8132663265784247 0.8851989564070031 0.8170023663170721 0.8851989564070031 0.8191372461677279 0.8948059157349535 0.8228732859063752 0.9004099753429247 0.8143337665037526 0.9160212842508443 0.8218058459810473 0.9120183845308653 0.8255418857196947 0.9020111352309169 0.8292779254583421 0.8956064956789499 0.8394186047489565 0.8988088154549334 0.846890684226251 0.9144201243628529 0.8500930040022345 0.9303495448723591 0.8586325234048583 0.9423582440322972 0.8522278838528913 0.9727802819041403 0.8821162017620706 0.980786081344099 0.8938580409406767 0.9996141975308642 0.8981278006419879 0.9996141975308642 0.6793026159497834
84 0.26928726835809885 0.29190222843954705 0.26887076448220265 0.2913468899383521 0.2661008495195782 0.2915026161853394 0.2659727467497201 0.2925843729085858 0.26678406429215484 0.29303984942363687 0.26898976558960136 0.29340957579993354 0.26964502615231956 0.2936661296318321 0.2703709418481823 0.2937799987605949 0.2712507866301809 0.2934095757999332 0.2729329972453447 0.2928121111661113 0.273231903708347 0.2924135692154416 0.2731548043485635 0.29174356029634846 0.27065578109318633 0.29174356029634846 0.2702987777709896 0.2922195647259441
85 0.26877489190528125 0.3354929404626656 0.27008161331535185 0.3357252464911226 0.2723140291700131 0.35734289027142097 0.27432638014152183 0.3690975753113449 0.2753804687456455 0.3832798583486444 0.27700951477020014 0.39541784833552235 0.2785427345580163 0.40666146011284077 0.27969264939887833 0.41790507189015935 0.2810342167132175 0.43374834303092646 0.27892603950497025 0.4338761113465778 0.27768029842736963 0.4245490243040294 0.276434557349769 0.4110055828449866 0.2750929900354298 0.4028284106433004 0.27231402917001307 0.3789357356164987 0.26819350099025707 0.34290507060281905
85 0.24423318898177204 0.28057610744341294 0.24549223962190456 0.27973685134328563 0.2461970454261658 0.27973685134328563 0.247131932643112 0.30144706180506053 0.25003067630445197 0.331748595544934 0.25234967123352386 0.36027223317251883 0.2542628420500082 0.3794889711514284 0.25413529732890927 0.3810195078046159 0.25222212651242487 0.38118956743274784 0.25056404513813846 0.36248300833823405 0.2500538662537426 0.35959199465999103 0.24724788238956555 0.3226890553553593 0.24444189852538847 0.287996891216443
84 0.24079791704839434 0.2803096030562718 0.2444631511562808 0.28065867297130864 0.2452619493596894 0.28085456594986397 0.24626881479434828 0.27964632742827333 0.2452619493596894 0.27857233763130385 0.24066701583025552 0.27830245104481016 0.24060156522118611 0.2797859981837166
85 0.29900072313083914 0.32061628631581873 0.29990690202203213 0.32075053504043993 0.3011951414361493 0.33938402501821907 0.30174950809496714 0.3436077709901647 0.302383069990759 0.34677558046912377 0.3029374366495768 0.35511747876371585 0.30349180330839465 0.3703229642627192 0.302383069990759 0.3700061833148234 0.3019078985689151 0.3627202215132176 0.30143272714707126 0.3618754723188285 0.3010367509622014 0.35110492009036776 0.29937365098574786 0.3360050282406631
85 0.2056574235105153 0.2551886803604152 0.20713157519339936 0.25577834103356883 0.20860572687628348 0.265016358246309 0.21113899403920808 0.29574315772568105 0.2145015366863624 0.3289820850423791 0.2193714260374135 0.3782993772006426 0.21948737578386707 0.3866477589453017 0.21682053161543438 0.38633855962142555 0.21582666090963565 0.37339851003268526 0.2130908254505347 0.3454641900818648 0.21237086875077127 0.326649321661381 0.20985102030159933 0.3042826668553977 0.20740316752240373 0.27510042195832096
84 0.20580483867880373 0.25636800170672247 0.20462551733249648 0.2567611088221582 0.20058713945765103 0.2561321000469652 0.20130709615741446 0.25354025592781687 0.20598681470587663 0.25344426170118173 0.21030655490445713 0.2522923309815603 0.21275440768365275 0.2522923309815603 0.21273335158835885 0.254009359014108 0.21007987855916754 0.25577834103356883 0.20801606620312985 0.25656455526444033 0.20668932968853418 0.25636800170672247
84 0.13107486008766245 0.20880820846486936 0.13940216006023898 0.21091638567311657 0.1467807802891043 0.20880820846486936 0.14794027775364024 0.21049475023146713 0.14298606131425926 0.21358674347022974 0.1401400220831255 0.2147111046479616 0.13971838664147607 0.21555437553126047 0.13718857399157938 0.21443001435352863 0.13181272211054895 0.21302456288136382 0.13054781578560062 0.21105693082033308
85 0.13790773430812367 0.21411327667092755 0.14145730389630767 0.25259266872834235 0.1456241899346106 0.3005375796875811 0.1496367468603838 0.35177484504745443 0.1525689999984488 0.3795540853028074 0.15457527846133542 0.3988966674065346 0.15550125313651386 0.3999255281567329 0.15704454426181125 0.39930821170661396 0.1548839366863949 0.35856532599876295 0.15056272153556224 0.3091800099892466 0.14500687348449165 0.2507407193779856 0.143617911471724 0.24045211187600304 0.14269193679654557 0.23921747897576515 0.14053132922112924 0.21411327667092767
100 0.26582243390230137 0.31733537038036813 0.27109287692291945 0.3174759155275846 0.27256860096869245 0.3205679087663472 0.2741497338748779 0.321973360238512 0.2749930047581768 0.32928170789376904 0.2730956452707543 0.3375738715795415 0.26803601997096094 0.3375738715795415 0.2639250744148789 0.3325142462797481 0.2624493503691058 0.32436262774119223
85 0.3624183960764674 0.3553819403235756 0.36404744210102213 0.3556374769548783 0.36538900941536123 0.3685420768356644 0.3641432683377606 0.3686698451513158 0.363280832207114 0.36637001546959147
85 0.35273994616587784 0.34183849886453277 0.3564771693986798 0.37659148072169935 0.35935195650083507 0.3748027243025805 0.3572437792925879 0.3567873917957405 0.3549439496108636 0.3403052790767166 0.3528357724026164 0.33992197412976255
85 0.3154275162132463 0.3576828513085552 0.31563833393407104 0.36864537279144083 0.31669242253819463 0.36864537279144083 0.3164816048173699 0.35740176101412224
100 0.31521669849242157 0.3578233964557717 0.3177465111423182 0.3569801255724728 0.3210141858151015 0.3529043163031948 0.3212250035359262 0.34686087497288604 0.32027632379221493 0.34461215261742234 0.31858978202561716 0.34180124967309267 0.31574374279448336 0.3401147079064949 0.3110003440759271 0.3406768884953608 0.3089975757280922 0.34475269776463885 0.3085759402864428 0.3510772293893805 0.3102624820530405 0.35529358380587506 0.3126868858425249 0.3581044867502047
97 0.4011005204195519 0.254196831688362 0.4134460277589203 0.2526140743371609 0.4241296398795277 0.26685889049797057 0.42436705348220777 0.283636118420702 0.41439568216964096 0.29756438311127154 0.40181276122759246 0.29566507428983024 0.39279104432574624 0.28331956695046184 0.39231621712038595 0.26685889049797057
85 0.10506360334202908 0.37252250830439576 0.10651912435593515 0.3714639475670095 0.10890088601505415 0.414864937799845 0.10731304490897484 0.4145120842207163
100 0.10519592343420237 0.3585847919288103 0.10757768509332137 0.35981977945576094 0.11035640702896024 0.3614076205618403 0.11181192804286631 0.3656418635113852 0.11128264767417319 0.37005253325049453 0.1086362458307076 0.37393392262091074 0.10347576223594973 0.37446320298960384 0.10016775993161774 0.3689939725131083 0.09924151928640479 0.365994717090514 0.10016775993161774 0.3622897545096621 0.10202024122204366 0.3599962062453253 0.10387272251246955 0.3589376455079391
54 0.5960330578512398 0.8955371900826447 0.7973553719008265 0.8505785123966942 0.8766942148760329 0.9312396694214876 0.647603305785124 0.9994855967078189
36 0.5087999999999999 0.8271999999999999 0.5651999999999999 0.9994855967078189 0.5291999999999999 0.9994855967078189 0.4884 0.8336
36 0.4716774736687958 0.45313432146560867 0.5219210769903958 0.4657742216723005 0.5427769123314373 0.4763074718445437 0.5530206142382665 0.48304045004595936 0.5639487451776461 0.49526732215458147 0.5699526977758247 0.5024299322717067 0.5743766628481669 0.5015872722579273 0.5611047676311405 0.4826274219478896 0.5323489946609166 0.4653528916654108 0.4748374487204687 0.4497636814104909
85 0.42178568838075725 0.47310058191617516 0.40423841663208443 0.25478753091909134 0.4081233664941234 0.2539242087275271 0.4259568554489655 0.47310058191617516
54 0.48889692679873786 0.49318765131154146 0.49291871322813985 0.5023803060073173 0.546351018647337 0.49586884226447603 0.5403183390032341 0.4855271057317282
