21 0.0 0.5734597156398104 0.4360189573459715 0.560821484992101 0.7938388625592416 0.537124802527646 0.9996936274509803 0.537124802527646 0.9996936274509803 0.9995915032679739 0.0 0.9995915032679739
25 0.0 0.6539497546299421 0.07617518167120708 0.6527755707120814 0.18713556190903474 0.6574723063835238 0.24701894171992586 0.6674528696853391 0.2756396747177782 0.6791947088639452 0.26110914873425317 0.7032654791800876 0.19946449304657116 0.734968444962324 0.09070570765473214 0.7807616177588877 0.0 0.825139783277314
50 0.5176606613907854 0.6301398310372683 0.5842723846340601 0.6223908162528158 0.7573026500172889 0.5916959755149895 0.7598261789573416 0.5944489161768652 0.6490203173168441 0.6155547945845791 0.6345673788419964 0.6180018529506909 0.6334203202328816 0.6183077352464548 0.5717547453668675 0.6265633626752133 0.5324135933842623 0.6325241432786384
24 0.9050581397968095 0.6297735742711722 0.7554228415909952 0.618935791355854 0.6390398318753615 0.6164726588750997 0.7598564800563523 0.6002159845021224 0.9996936274509803 0.6026791169828766 0.9996936274509803 0.6323492418560805
61 0.0 0.07740916271721958 0.4075829383886256 0.15481832543443916 0.6919431279620852 0.292259083728278 0.7476303317535544 0.3191153238546603 0.9609004739336491 0.19431279620853079 0.9996936274509803 0.056872037914691934 0.9996936274509803 0.0 0.0 0.0
27 0.0 0.0 0.4413265306122449 0.0 0.576530612244898 0.08673469387755102 0.7436224489795918 0.21598639455782315 0.7436224489795918 0.12755102040816327 0.7346938775510204 0.09523809523809525 0.7232142857142858 0.07312925170068027 0.7232142857142858 0.03401360544217687 0.735969387755102 0.025510204081632654 0.7372448979591837 0.0 0.9996936274509803 0.0 0.9996936274509803 0.6071428571428572 0.7538265306122449 0.6071428571428572 0.7489580630543975 0.581898951287352 0.7489580630543975 0.5754076612102222 0.5406958397464809 0.5941602769885973 0.4389989618714462 0.6071428571428571 0.23290050192257303 0.6157979105790302 0.0021637633590432886 0.6194041828441024 0.0 0.620681929104139
81 0.09939333618576286 0.5862036990923858 0.10006509958960491 0.5342539958619347 0.12156152851255018 0.5338061535927066 0.12256917361831325 0.5951605444769463 0.10208038980113103 0.5978475980923144
4 0.9996936274509803 0.6413532474458409 0.8907299503683139 0.6312556851036388 0.6328338094864903 0.6180608814548373 0.6483515441152414 0.6131346164933289 0.6845595915823273 0.6141198694856306 0.7506946986905763 0.6175682549586864 0.8220023840084087 0.6195387609432897 0.9996936274509803 0.6293912908663063
24 0.0 0.6174884479891712 0.18239988646480612 0.6121237454460887 0.314282157315585 0.6079511990236911 0.497129102325648 0.5972217939375261 0.7000936818722702 0.5745708276445108 0.730046604404481 0.5703982812221133 0.7304936629497379 0.5787433740669085 0.6589642957086376 0.5894727791530735 0.5208232052242623 0.6049708087219786 0.31785862567763995 0.6210649163512262 0.1864234133721179 0.6258335408339663 0.0 0.6288139311356787
4 0.0 0.6371590239804737 0.0 0.6300060872563638 0.02503527853438515 0.6288139311356787 0.07957642105572423 0.6276217750149938 0.14350579302745775 0.6270256969546513 0.20788222354444813 0.6252374627736238 0.2905880544169705 0.6216609944115687 0.35898801184127277 0.6174884479891712 0.44571736962110703 0.6109315893254037 0.4966820437803911 0.6055668867823212 0.5601643572068677 0.5996061061788961 0.7130583796847205 0.5787433740669085 0.7139524967752342 0.585300232730676 0.5860937528317672 0.6037786526012936 0.5042820390497587 0.6097394332047187 0.3393174358499708 0.6246413847132812 0.2651057173373291 0.6288139311356787 0.08225877232726618 0.6365629459201313
50 0.9991288093681567 0.7206714254583741 0.9390166557709758 0.6997628502941373 0.7917854389894746 0.663753637511285 0.6428118409442871 0.6428450623470482 0.5121332461678069 0.6312291872558055 0.5339130119638869 0.6277444247284327 0.5844420686107925 0.6300675997466813 0.6846289912727608 0.6416834748379239 0.7778463888799834 0.6567841124565393 0.827504254895046 0.6660768125295335 0.8488369709529223 0.6715470875904317 0.8666880186650294 0.6659934283022205 0.8898943806907689 0.6699603277937999 0.8779936822160307 0.6763073669803268 0.895249695004401 0.6794808865735903 0.9178610221064034 0.675513987082011 0.932141860276089 0.6778941267769586 0.9178610221064034 0.6826544061668538 0.9238113713437724 0.6858279257601173 0.9512071362535738 0.6802742664719061 0.9738184633555763 0.6866213056584332 0.9494220314823631 0.6905882051500125 0.9996936274509803 0.7072491830146459
78 0.062118887960482275 0.556834137738626 0.08873064769194745 0.556834137738626 0.08781300080465555 0.6115870686803762 0.061430652795013356 0.61342236245496
4 0.0 0.8090740428402766 0.07474815621214673 0.7835191176395427 0.17537067419003657 0.7400757447982951 0.24341066253699067 0.706854342037341 0.26449347582759614 0.6864104018767537 0.25209247198898005 0.6704594196831234 0.20091946854760626 0.6649057603949123 0.17354786205570866 0.6593521011067012 0.03986733989037259 0.6553852016151218 0.0 0.6569719614117535 0.0 0.6498315423269108 0.05890845744995353 0.648244782530279 0.11127153073880112 0.6506249222252265 0.19517145498570465 0.6553852016151218 0.2546749473593951 0.6633190005982805 0.28145151892755577 0.6704594196831234 0.2874018681649248 0.6815667382595456 0.2856167633937141 0.6950541965309154 0.25705508705434266 0.7156820738871281 0.15589915001906893 0.7712186667692392 0.0 0.8362758184311408
115 0.032701080133153544 0.6242707700213306 0.02934226311394334 0.6318840885982071 0.02485524594215548 0.6341232999443471 0.023511719134471396 0.630092719521295 0.02451936424023446 0.6238229277521026 0.026870536153681596 0.6188966627905942 0.027206417855602617 0.614418240098314 0.02754229955752364 0.6094919751368056 0.028214062961365676 0.6014308142907012 0.029557589769049757 0.596952391598421 0.029893471470970778 0.5920261266369127 0.029893471470970778 0.5888912307523165 0.030901116576733837 0.5835171235215801 0.03291640678825996 0.5799343853677559 0.033588170192101995 0.5759038049447037 0.03593934210554914 0.5750081204062476 0.03661110550939118 0.5821735967138961 0.03761875061515424 0.5844128080600361 0.039969922528601376 0.5879955462138604 0.04131344933628546 0.5884433884830885 0.04601579316317974 0.5884433884830885 0.048702846778547894 0.5906825998292285 0.04903872848046892 0.5897869152907725 0.051389900393916055 0.5848606503292643 0.05306930890352115 0.5839649657908081 0.058779297836178496 0.5830692812523521 0.06348164166307277 0.5844128080600361 0.0654969318745989 0.5857563348677203 0.06684045868228297 0.5862041771369483 0.0722145659130193 0.5870998616754044 0.08564983398986009 0.5857563348677203 0.08968041441291233 0.5830692812523521 0.0943827582398066 0.581725754444668 0.09841333866285885 0.58127791217544 0.10177215568206904 0.581725754444668 0.10378744589359518 0.581725754444668 0.10647449950896333 0.581725754444668 0.10983331652817353 0.581725754444668 0.11319213354738374 0.5839649657908081 0.11587918716275188 0.5857563348677203 0.11722271397043596 0.5857563348677203 0.12158917609540922 0.5879955462138604 0.12461211141269841 0.5884433884830885 0.12763504672998757 0.5884433884830885 0.13200150885496084 0.5884433884830885 0.13401679906648697 0.5884433884830885 0.13569620757609208 0.5884433884830885 0.1380473794895392 0.5879955462138604 0.14006266970106532 0.5862041771369483 0.14174207821067042 0.5848606503292643 0.1461085403356437 0.5866520194061764 0.1477879488452488 0.5870998616754044 0.15081088416253796 0.5875477039446324 0.15517734628751123 0.5875477039446324 0.1582002816048004 0.5897869152907725 0.1602155718163265 0.5938174957138247 0.1615590986240106 0.5938174957138247 0.16290262543169468 0.5906825998292285 0.16525379734514184 0.5888912307523165 0.17197143138356222 0.5879955462138604 0.1783531837200616 0.5870998616754044 0.1817120007392718 0.5870998616754044 0.18406317265271896 0.5870998616754044 0.18809375307577117 0.5870998616754044 0.19111668839306034 0.5844128080600361 0.20018549434492788 0.5857563348677203 0.20152902115261198 0.5888912307523165 0.20119313945069095 0.5938174957138247 0.19749844072955974 0.597848076136877 0.19649079562379668 0.6014308142907012 0.19884196753724384 0.6059092369829815 0.19917784923916482 0.6068049215214375 0.19951373094108585 0.61531392463677 0.19615491392187567 0.6193445050598223 0.19246021520074444 0.6265099813674707 0.19078080669113934 0.6269578236366987 0.18910139818153424 0.6269578236366987 0.18708610797000813 0.6238229277521026 0.18574258116232406 0.6238229277521026 0.18540669946040303 0.6278535081751548 0.1817120007392718 0.6283013504443828 0.18104023733542976 0.6229272432136466 0.17969671052774566 0.6220315586751904 0.17734553861429855 0.6220315586751904 0.16962025947011508 0.6211358741367344 0.16592556074898387 0.6193445050598223 0.16357438883553674 0.6184488205213663 0.16122321692208957 0.6188966627905942 0.16122321692208957 0.6188966627905942 0.15887204500864244 0.6220315586751904 0.15685675479711633 0.6265099813674707 0.15517734628751123 0.6287491927136108 0.15349793777790613 0.6287491927136108 0.15181852926830103 0.6274056659059267 0.15148264756638 0.6269578236366987 0.14845971224909082 0.6274056659059267 0.1474520671433278 0.6278535081751548 0.14644442203756472 0.6247186122905586 0.14644442203756472 0.6233750854828745 0.14543677693180165 0.6242707700213306 0.14409325012411756 0.6278535081751548 0.13972678799914431 0.6296448772520669 0.13771149778761818 0.6296448772520669 0.13435268076840798 0.6296448772520669 0.12729916502806657 0.6296448772520669 0.12461211141269841 0.6265099813674707 0.12226093949925126 0.6260621390982427 0.12058153098964618 0.6260621390982427 0.11722271397043596 0.6269578236366987 0.11319213354738374 0.6296448772520669 0.11050507993201557 0.6296448772520669 0.11084096163393659 0.6247186122905586 0.1111768433358576 0.6233750854828745 0.11016919823009456 0.6206880318675063 0.10815390801856843 0.6233750854828745 0.10647449950896333 0.6278535081751548 0.10345156419167416 0.6296448772520669 0.09807745696093784 0.6278535081751548 0.09639804845133274 0.6260621390982427 0.09035217781675436 0.6260621390982427 0.08632159739370213 0.630092719521295 0.08262689867257092 0.6323319308674351 0.08061160846104479 0.6332276154058911 0.07490161952838745 0.6332276154058911 0.07120692080725624 0.6323319308674351 0.07019927570149317 0.6269578236366987 0.07019927570149317 0.6251664545597866 0.06919163059573011 0.5947131802522808 0.06415340506691482 0.5982959184061051 0.06314575996115175 0.6005351297522452 0.05911517953809951 0.6081484483291216 0.05777165273041543 0.6135225555598579 0.056092244220810335 0.6184488205213663 0.05374107230736319 0.6251664545597866 0.05004637358623197 0.630540561790523 0.04735931997086381 0.630988404059751 0.04702343826894279 0.630988404059751 0.043664621249732596 0.6278535081751548 0.04131344933628546 0.6265099813674707 0.034595815297865054 0.6247186122905586 0.03392405189402302 0.6242707700213306
83 0.06028923559825444 0.5152542339486962 0.06059458260000082 0.4936763791586185 0.07830470870129097 0.49408350849428034 0.07799936169954458 0.5152542339486962
122 0.24352676342376037 0.5805048225807791 0.24269399887354295 0.5612587085313101 0.25740617259405046 0.5616288261091845 0.2579613489608621 0.5808749401586535
50 0.6750005688351564 0.6444430246877565 0.7277463781553523 0.6451534059580621 0.8886477358795863 0.6515468373908132 0.9996936274509803 0.6536779812017302 0.9996936274509803 0.6622025564453983 0.8769264449195427 0.6579402688235642 0.7447955286426883 0.6494156935798961 0.682992358126095 0.6465741684986734
30 0.3404799398395339 0.5719093610927952 0.33979049815111023 0.5698410360275241 0.33979049815111023 0.5673130831699708 0.34099702110585167 0.5657043858969822 0.34220354406059306 0.565474572000841 0.34496131081428777 0.565474572000841 0.3456507525027114 0.5705304777159479 0.3456507525027114 0.5753565695349135 0.3454783920806055 0.579033591873173 0.3446165899700759 0.5834000558998563 0.3430653461711226 0.5882261477188221 0.3399628585732162 0.5914435422647992 0.3377221730858392 0.5907541005763756 0.33565384802056814 0.5875367060303984 0.33513676675425047 0.5863876365496923 0.33565384802056814 0.5834000558998563 0.33599856886478 0.582021172523009 0.3354814875984623 0.5811019169384442 0.33530912717635636 0.5801826613538792 0.33582620844267413 0.579033591873173 0.3378945335079451 0.577884522392467 0.3387563356184747 0.576965266807902 0.3396181377290043 0.5746671278464899 0.34030757941742795 0.5730584305735014
30 0.3316895583121321 0.5700708499236654 0.33237900000055576 0.5661640136892646 0.3313448374679202 0.5647851303124173 0.32962123324686105 0.5647851303124173 0.3270358269152723 0.5700708499236654 0.32634638522684867 0.5712199194043714 0.3251398622721072 0.5730584305735014 0.32358861847315395 0.5742075000542074 0.3228991767847303 0.5758161973271959 0.32152029340788296 0.5776547084963258 0.32065849129735335 0.5797230335615968 0.3237609788952599 0.5838596836921388 0.3244504205836835 0.5861578226535511 0.3244504205836835 0.5877665199265396 0.3239333393173658 0.5909839144725167 0.3244504205836835 0.5930522395377877 0.3303106749352847 0.5935118673300702 0.334102604221615 0.5898348449918106 0.33324080211108537 0.5868472643419748 0.3313448374679202 0.585008753172845 0.3311724770458143 0.5822509864191503 0.3322066395784498 0.5804124752500204 0.33237900000055576 0.5797230335615968 0.3328960812668735 0.5765056390156197 0.3327237208447676 0.5746671278464899 0.3322066395784498 0.5721391749889364
30 0.31376407441311666 0.5797230335615968 0.31531531821206993 0.5767354529117609 0.31514295778996404 0.5746671278464899 0.31393643483522254 0.5732882444696425 0.313074632724693 0.5725988027812189 0.31100630765942194 0.5728286166773601 0.3096274242825746 0.5776547084963258 0.30686965752887996 0.5827106142114328 0.30411189077518525 0.5879963338226808 0.3027330073983379 0.5905242866802344 0.3027330073983379 0.5939714951223527 0.30411189077518525 0.5969590757721885 0.30497369288571485 0.597418703564471 0.31083394723731606 0.5978783313567535 0.31376407441311666 0.5958100062914824 0.3175560036994468 0.5919031700570817 0.3187625266541883 0.5896050310956694 0.3187625266541883 0.5870770782381161 0.31859016623208236 0.5861578226535511 0.31617712032259954 0.5843193114844213 0.31531531821206993 0.5838596836921388 0.31479823694575215 0.5824808003152915 0.3141087952573285 0.5811019169384442
110 0.3163494807447054 0.6132758623982154 0.313074632724693 0.6176423264248987 0.3094550638604687 0.619940465386311 0.30480133246360896 0.620170279282452 0.3023882865541261 0.6192510236978873 0.29911343853411365 0.6155740013596277 0.29894107811200776 0.6121267929175093 0.2992857989562196 0.6089093983715322 0.29963051980043137 0.6059218177216963 0.29963051980043137 0.6031640509680016 0.29963051980043137 0.5997168425258833 0.3003199614888551 0.5953503784992 0.3013541240214906 0.5937416812262114 0.3027330073983379 0.5923627978493641 0.30738673879519773 0.5889155894072458 0.30876562217204506 0.5877665199265396 0.30893798259415095 0.5868472643419748 0.3092827034383628 0.5854683809651274 0.3106615868152101 0.5817913586268678 0.31169574934784566 0.5815615447307266 0.3144535161015403 0.5822509864191503 0.31721128285523503 0.5815615447307266 0.3180730849657646 0.5811019169384442 0.3191072474984001 0.5815615447307266 0.3191072474984001 0.5854683809651274 0.3210032121415652 0.5875367060303984 0.3223820955184125 0.5889155894072458 0.323416258051048 0.5896050310956694 0.32996595409107293 0.5893752171995282 0.3316895583121321 0.5879963338226808 0.3378945335079451 0.5854683809651274 0.3396181377290043 0.5847789392767037 0.34116938152795756 0.5824808003152915 0.3442718691258641 0.5836298697959975 0.3453060316584996 0.5847789392767037 0.3463401941911351 0.5847789392767037 0.34858087967851203 0.5852385670689861 0.34806379841219426 0.5873068921342572 0.34720199630166465 0.5884559616149633 0.34720199630166465 0.5884559616149633 0.34720199630166465 0.5939714951223527 0.34892560052272387 0.5981081452528947 0.34909796094482975 0.6027044231757192 0.34823615883430015 0.6073007010985436 0.3477190775679824 0.6128162346059329 0.34375478785954633 0.6181019542171812 0.3418588232163812 0.6185615820094635 0.3384116147742629 0.6171826986326162 0.3363432897089919 0.6155740013596277 0.3322066395784498 0.614884559671204 0.32824234987001377 0.6139653040866391 0.3270358269152723 0.6137354901904979 0.3244504205836835 0.6130460485020742 0.32255445594051846 0.6130460485020742 0.31824544538787053 0.6130460485020742
83 0.3104902608126332 0.5034550279726874 0.3100201869341625 0.4867412900715076 0.32725622914475416 0.48611452490021334 0.32741292043757775 0.5026193410776284
122 0.38433580728694516 0.6136653855238602 0.3835774214296791 0.5888914475198364 0.41486083804190316 0.5881330616625703 0.4158088203634857 0.6116430232378175 0.41315446986305454 0.6129069996665941
78 0.38509419314421117 0.5916721956631451 0.38338782496536256 0.5322653035106388 0.4135336627916876 0.5315069176533728 0.41486083804190316 0.5896498333771023
83 0.41916353451520805 0.536600724965673 0.418784341586575 0.5310392286790554 0.427316182480818 0.5310392286790554 0.4275057789451344 0.537359110822939 0.4193531309795246 0.5376119061086944
64 0.3487582710225982 0.5602012765039943 0.34715238896983736 0.5504130430395474 0.34508768347343066 0.5433777502369762 0.3432523896988468 0.5360365751386409 0.3423347428115549 0.5262483416741939 0.3423347428115549 0.5219659895334983 0.3407288607587941 0.5234954010123182 0.33682886148780344 0.5286954000403057 0.3274229808930615 0.5268601062657219 0.32283474645660193 0.5244130478996101 0.3177876885764965 0.525330694786902 0.31113474864363017 0.5241071656038461 0.30975827831269226 0.5213542249419705 0.3065465142071706 0.5201306957589146 0.302875926658003 0.5173777550970388 0.3017288680488881 0.5164601082097469 0.3035641618234719 0.5106483445902316 0.3113641603654531 0.5082012862241198 0.3177876885764965 0.5063659924495361 0.3189347471856113 0.5026954049003683 0.3180171002983195 0.5002483465342565 0.31457592447097477 0.4974954058723809 0.3131994541400369 0.496883641280853 0.30975827831269226 0.496883641280853 0.30539945559805576 0.496883641280853 0.3021876914925341 0.4947424652105052 0.2946171046723759 0.4910718776613376 0.29415828122872995 0.4910718776613376 0.29094651712320824 0.49504834750626914 0.2895700467922704 0.496883641280853 0.28383475374669603 0.5005542288300205 0.2769524020920066 0.49841305275967285 0.27236416765554705 0.4974954058723809 0.27557593176106876 0.4932130537316851 0.2762641669265377 0.4867895255206418 0.27534652003924576 0.48158952649265435 0.27557593176106876 0.47700129205619496 0.27442887315195386 0.4727189399154993 0.2797053427538823 0.4702718815493876 0.2817700482502891 0.46660129400021993 0.2787876958665904 0.46384835333834407 0.2780994607011215 0.4610954126764684 0.2739700497083079 0.4610954126764684 0.26915240355002534 0.4623189418595242 0.2645641691135658 0.4592601189018846 0.26410534566991983 0.454977766761189 0.26617005116632664 0.4525307083950772 0.26800534494091044 0.45130717921202124 0.2654818160008577 0.44763659166285363 0.262499463617159 0.4467189447755617 0.262499463617159 0.4433542395221581 0.2636465222262739 0.4421307103391022 0.2684641683845564 0.44274247493063 0.2693818152718483 0.44090718115604627 0.2682347566627334 0.4360130644238227 0.2684641683845564 0.432342476874655 0.2745658089398864 0.43327217332204754 0.27221463702643933 0.43058511970667934 0.2698634651129922 0.4278980660913112 0.2701993468149132 0.424315327937487 0.2718787553245183 0.42252395886057487 0.2752375723437285 0.42118043205289085 0.27221463702643933 0.4131192712067863 0.2701993468149132 0.40505811036068184 0.2755734540456495 0.4028188990145417 0.2819552063821489 0.4037145835529978 0.28329873318983295 0.40237105674531376 0.29035224893017436 0.3947577381684373 0.2930393025455425 0.3929663690915252 0.29706988296859477 0.3875922618607889 0.3071463340262253 0.38445736597619273 0.3088257425358304 0.38445736597619273 0.3165510216800139 0.37863541647622834 0.32293277401651327 0.37818757420700033 0.3309939348626177 0.3741569937839481 0.3390550957087221 0.372813466976264 0.3454368480452215 0.372813466976264 0.35081095527595785 0.372365624707036 0.3598797612278254 0.37370915151472006 0.3686126854777719 0.37460483605317607 0.3726432659008241 0.37370915151472006 0.3800326633430865 0.3763962051300882 0.3860785339776649 0.3840095237069646 0.3917885229103222 0.390279315476157 0.3981702752468216 0.389831473206929 0.40186497396795273 0.39610126497612136 0.405223790987163 0.3992361608607175 0.4095902531121362 0.40505811036068184 0.41194142502558334 0.40864084851450605 0.4142925969390305 0.4144627980144704 0.41026201651597827 0.41894122070675066 0.40690319949676806 0.42118043205289085 0.40287261907371585 0.42073258978366274 0.4035443824775579 0.425211012475943 0.40791084460253113 0.42968943516822333 0.40891848970829425 0.43506354239895967 0.40791084460253113 0.4404376496296959 0.40287261907371585 0.44133333416815196 0.39346793141992736 0.442676860975836 0.3964908667372164 0.44760312593734436 0.4008573288621897 0.45208154862962463 0.4001855654583477 0.46014270947572905 0.3978343935449005 0.4641732898987813 0.3974985118429795 0.4695473971295176 0.3961549850352955 0.4749215043602538 0.3954832216314534 0.478504242514078 0.39279616801608525 0.47984776932176215 0.3894373509968751 0.48656540336018256 0.38708617908342796 0.4968657755524272 0.3833914803622967 0.5008963559754795 0.37700972802579735 0.4991049868985674 0.3753303195161923 0.4991049868985674 0.36827680377585087 0.4955222487447432 0.3642462233527986 0.49104382605246294 0.36155916973743046 0.48835677243709474 0.3565209442086152 0.4838783497448146 0.3555132991028521 0.48343050747558647 0.3548415356990101 0.493283037398603 0.3558491808047731 0.5017920405139356 0.35316212718940493 0.5103010436292681 0.3511468369778789 0.5120924127061802 0.3494674284682738 0.5201535735522848 0.34894490990284427 0.5268737853442341 0.35019624656733317 0.534103730516837 0.34957057823508875 0.5368844786601459 0.34957057823508875 0.5424459749467635 0.34977913434583685 0.5466170971617267 0.34957057823508875 0.5519005186340135 0.3493620221243406 0.5582962393636237
83 0.3871170647835371 0.5017494350031834 0.3871170647835371 0.48462002644040114 0.4029464735893224 0.4843141441446372 0.4029464735893224 0.5011376704116555
122 0.03466925814712897 0.6357207936641156 0.03482924017066471 0.5964823416723997 0.0392551197687078 0.5964823416723997 0.040730412968055484 0.635823493655005
122 0.1222628246613563 0.6311704785205194 0.1224524211256728 0.5912288233711748 0.1264339468763195 0.5912288233711748 0.12586515748336996 0.6311704785205194
122 0.1626468715607728 0.6299065020917427 0.16245727509645627 0.5940095715144835 0.16757637963300204 0.5947679573717497 0.167197186704369 0.630159297377498
122 0.3253725152655146 0.6209400801534481 0.32934202628821757 0.62134720948911 0.32934202628821757 0.5830770519368969 0.32415112725852907 0.5834841812725587
85 0.30094475512580404 0.6250113735100666 0.3036928781415215 0.6233828561674193 0.3030821841380287 0.5338144023218139 0.30094475512580404 0.5334072729861521
100 0.30460891914676064 0.5370714370071087 0.3030821841380287 0.5382928250140941 0.30186079613104316 0.5382928250140941 0.29880732611357935 0.5362571783357849 0.29789128510834023 0.5338144023218139 0.29728059110484745 0.5264860742799007 0.29850197911183296 0.5216005222519586 0.30186079613104316 0.5199720049093113 0.30491426614850703 0.5211933929162968 0.30735704216247806 0.5252646862729152 0.30766238916422445 0.5313716263078428 0.30644100115723893 0.5362571783357849
104 0.23938278602473237 0.5770614315171085 0.26858064152947486 0.5767833567027778 0.2681635293079785 0.585681750761366 0.26628652431124505 0.5884624989046747 0.26482663153600794 0.620441102552726 0.24334535212894742 0.620441102552726
122 0.20389649727149897 0.6280129091010834 0.20389649727149897 0.5872999755348992 0.20818649646958864 0.5872999755348992 0.20793414357558337 0.6290223206771045
85 0.07453056063598312 0.6333582845669278 0.08391558561965033 0.6333582845669278 0.08606772407096204 0.5720205890971074 0.08484633606397651 0.5618423557055613 0.08209821304825907 0.5451500529434257 0.0833196010552446 0.43929642567134686 0.0885105000849331 0.4352251323147284 0.09400674611636797 0.43318948563641924 0.09797625713907092 0.43318948563641924 0.09919764514605645 0.43318948563641924 0.1034725031705058 0.43115383895811005 0.09675486913208539 0.42830393360847707 0.0866784180744548 0.42789680427281523 0.08484633606397651 0.4295253216154627 0.08057147803952716 0.42463976958752053 0.08438523938212747 0.4098703793906494 0.08236994917060134 0.40315274535222906 0.07901113215139113 0.40136137627531693 0.07632407853602298 0.402704903083001 0.07296526151681278 0.4165880134290698 0.07296526151681278 0.42240996292903416 0.0716217347091287 0.42509701654440235 0.07094997130528666 0.42509701654440235 0.06423233726686627 0.42509701654440235 0.061545283651498105 0.42733622789054243 0.0581864666322879 0.43226249285205076 0.055835294718840765 0.4380844423520151 0.05952999343997198 0.44077149596738324 0.061545283651498105 0.4331581773905068 0.06960644449760259 0.4318146505828227 0.07498055172833891 0.4394279691596992 0.07867525044947012 0.4506240258903999 0.07766760534370706 0.4564459753903642 0.07766760534370706 0.46719418985183686 0.076659960237944 0.47615103523639735 0.07766760534370706 0.48869061877478215 0.07733172364178605 0.5097392054284994 0.07598819683410196 0.554523432351302 0.07598819683410196 0.5648238045435466 0.07598819683410196 0.571541438581967 0.07195761641104972 0.5800504416972996 0.07195761641104972 0.5925900252356843 0.07296526151681278 0.6190127191201379 0.07327922397149417 0.632802134938266
85 0.07453056063598312 0.6333582845669278 0.08391558561965033 0.6333582845669278 0.08606772407096204 0.5720205890971074 0.08484633606397651 0.5618423557055613 0.08209821304825907 0.5451500529434257 0.0833196010552446 0.43929642567134686 0.0885105000849331 0.4352251323147284 0.09400674611636797 0.43318948563641924 0.09797625713907092 0.43318948563641924 0.09952847322724634 0.4386112649405501 0.10388729594188288 0.43922302953207804 0.10388729594188288 0.43188185443374283 0.09675486913208539 0.42830393360847707 0.0866784180744548 0.42789680427281523 0.08484633606397651 0.4295253216154627 0.08057147803952716 0.42463976958752053 0.08438523938212747 0.4098703793906494 0.08236994917060134 0.40315274535222906 0.07901113215139113 0.40136137627531693 0.07632407853602298 0.402704903083001 0.07296526151681278 0.4165880134290698 0.07296526151681278 0.42240996292903416 0.0716217347091287 0.42509701654440235 0.07094997130528666 0.42509701654440235 0.06423233726686627 0.42509701654440235 0.061545283651498105 0.42733622789054243 0.0581864666322879 0.43226249285205076 0.055835294718840765 0.4380844423520151 0.05952999343997198 0.44077149596738324 0.061545283651498105 0.4331581773905068 0.06960644449760259 0.4318146505828227 0.07498055172833891 0.4394279691596992 0.07867525044947012 0.4506240258903999 0.07766760534370706 0.4564459753903642 0.07766760534370706 0.46719418985183686 0.076659960237944 0.47615103523639735 0.07766760534370706 0.48869061877478215 0.07733172364178605 0.5097392054284994 0.07598819683410196 0.554523432351302 0.07598819683410196 0.5648238045435466 0.07598819683410196 0.571541438581967 0.07195761641104972 0.5800504416972996 0.07195761641104972 0.5925900252356843 0.07296526151681278 0.6190127191201379 0.07327922397149417 0.632802134938266
84 0.0988402380617774 0.44167008789818973 0.093104945016203 0.4505406744753448 0.09539906223443276 0.45359949743298456 0.09723435600901657 0.4539053797287485 0.09952847322724634 0.45451714432027646 0.10365788422005989 0.4548230266160404 0.10595200143828967 0.4526818505456926 0.1048049428291748 0.44595244003888534 0.10296964905459098 0.44258773478548163 0.10159317872365312 0.43922302953207804 0.10159317872365312 0.43922302953207804
84 0.058693186742756594 0.43799950034902213 0.055481422637234955 0.439528911827842 0.05364612886265115 0.4444230285600655 0.05318730541900521 0.448399498404997 0.05318730541900521 0.45115243906687275 0.05341671714082819 0.45359949743298456 0.058693186742756635 0.4554347912075683 0.062363774291924245 0.45574067350333225 0.06374024462286211 0.4526818505456926 0.06396965634468509 0.4499289098838169 0.06419906806650807 0.4450347931515934 0.06167553912645535 0.439528911827842 0.06098730396098643 0.43799950034902213
100 0.0790029272303536 0.5075865232220973 0.07589500076112593 0.5081045109669686 0.07278707429189826 0.5098311367832062 0.07032663250375971 0.5134570509973051 0.06929065701401715 0.5176009529562753 0.06903166314158152 0.5212268671703743 0.07006763863132406 0.5251981065477207 0.07201009267459135 0.5289966833434434 0.07550650995247248 0.5308959717413048 0.08146336901849216 0.5312412969045522 0.08508928323259109 0.5295146710883146 0.08806771276560094 0.525025443966097 0.08897419131912568 0.5210542045887504 0.08897419131912568 0.5162196523032853 0.0884562035742544 0.5144930264870476 0.08767922195694748 0.5134570509973051 0.08547777404124457 0.5108671122729487 0.08353531999797727 0.5087951612934636 0.08081588433740307 0.5075865232220973
100 0.0717749957055967 0.5389436179642527 0.07158040977589299 0.5307710089166968 0.08695269822248608 0.5306412849635611 0.08695269822248608 0.5388138940111169
100 0.07235875349470783 0.5464676072461295 0.07196958163530041 0.539462513776796 0.08734187008189351 0.5390733419173884 0.08743916304674537 0.5460784353867221
122 0.2474148271790562 0.626304327537338 0.24772017418080255 0.5847771352998302 0.25107899120001276 0.5847771352998302 0.25168968520350554 0.6271185862086617
122 0.2937250288116418 0.6237050877654482 0.2898250295406512 0.6240109700612121 0.2891367943751823 0.5833286247246044 0.2934956170898188 0.5833286247246044
122 0.3575990297882592 0.6193129828133976 0.3536990305172686 0.6190071005176336 0.3527813836299767 0.5810776958429018 0.35691079462279024 0.5810776958429018
122 0.38329314263243236 0.6168659244472858 0.37916373163961886 0.6174776890388138 0.37801667303050396 0.5795482843640819 0.38237549574514046 0.5795482843640819
122 0.4037107858746772 0.6150306306727021 0.4000401983255096 0.6147247483769381 0.3991225514382177 0.578936519772554 0.4027931389873853 0.579242402068318 0.40439902104014613 0.6141129837854102
85 0.4449798614251146 0.6043190248390775 0.4424563324850619 0.4845355178179081 0.4447275085311093 0.4845355178179081 0.4475033903651673 0.6046554953644179
83 0.44195162669705135 0.49934022093288416 0.4416992738030461 0.4818437536151852 0.45456927139731496 0.48150728308984486 0.4548216242913202 0.4996766914582245
83 0.465989464644213 0.5017863616521085 0.46561027171557995 0.48459628222074513 0.4758484807886714 0.48535466807801114 0.4758484807886714 0.5025447475093746
83 0.5088351707885882 0.504630881831387 0.5081469356231193 0.4878073555643689 0.5182410513833302 0.48933676704318874 0.5186998748269761 0.505548528718679
83 0.4480147231380859 0.5373366672019515 0.44776237024408055 0.5299343156444635 0.45432354548821763 0.5299343156444635 0.45407119259421236 0.5383460787779726
85 0.47501648279665 0.6069860659474066 0.4780447175247132 0.6069860659474066 0.47728765884269747 0.5114284367507435 0.47451177700863945 0.5114284367507435
92 0.47577221430341565 0.5141879500900488 0.4808913188399614 0.5151991312330702 0.48316647641175947 0.516463107661847 0.48127051176859437 0.5217718086627091 0.4820288976258604 0.5240469662345073 0.48335607287607596 0.5250581473775287 0.48335607287607596 0.5270805096635715 0.48127051176859437 0.5303668483783909 0.4808913188399614 0.533400391807455 0.48070172237564485 0.5374451163795405 0.4769097930893147 0.5394674786655833
91 0.47709938955363124 0.546545746666733 0.4761514072320487 0.5425010220946475 0.4740658461245671 0.5427538173804027 0.472169881481402 0.5432594079519134 0.4704635133025534 0.5442705890949348 0.4700843203739204 0.5500848806673078 0.47179068855276896 0.5518544476675951 0.4740658461245671 0.5521072429533505 0.47501382844614964 0.5533712193821272 0.47653060016068166 0.5541296052393933
94 0.4769605947373931 0.578243436927611 0.47670160086495744 0.565466405887453 0.4796800303979673 0.566157056213948 0.48019801814283863 0.5680563446118093 0.4799390242704029 0.5706462833361657 0.4803275150790564 0.5723729091524032 0.480586508951492 0.5746175227135122 0.47980952733418514 0.5756534982032546 0.4789030487806604 0.577552786601116
122 0.47683109780117533 0.5749628478767597 0.4759246192476506 0.5740995349686409 0.4751476376303437 0.5740995349686409 0.47359367439572986 0.5758261607848785 0.47359367439572986 0.5785887620908585 0.47359367439572986 0.5796247375806011 0.47424115907681896 0.5801427253254724 0.47631311005630406 0.5806607130703436 0.4769605947373931 0.5803153879070961 0.47709009167361094 0.5780707743459873
78 0.445626510929875 0.5381885567588499 0.45855698979626075 0.5381885567588499 0.45834843368551265 0.5643275893059525 0.4462521792621194 0.5646056641202833
84 0.9293918429180206 0.36694341932896685 0.9224521383328755 0.3584307150378556 0.9180107273983827 0.36842388964046446 0.9185659037651943 0.38507918064481256 0.9196762564988176 0.3876700036899334 0.9263383729005568 0.3884102388456822 0.928836666551209 0.3865596509563102 0.9293918429180206 0.37730671150945017 0.930224607468238 0.37212506541920853
84 0.8250186859574391 0.3795274169766965 0.8241859214072218 0.38359871033331494 0.8236307450404101 0.385449298222687 0.8222428041233811 0.3880401212678078 0.820854863206352 0.3921114146244262 0.8205772750229463 0.39729306071466786 0.820854863206352 0.40062411891553745 0.8222428041233811 0.4050655298500303 0.8247410977740334 0.4109874110960207 0.8247410977740334 0.41135752867389513 0.8275169796080913 0.4128379989853927 0.8289049205251204 0.40802647047302554 0.8297376850753377 0.4043252946942815 0.8316808023591784 0.396552825558919 0.8319583905425842 0.39248153220230064 0.8314032141757726 0.3898907091571798 0.8286273323417146 0.3843389454890638 0.8277945677914972 0.3810078872881941
64 0.9996936274509803 0.21375200706481748 0.9960400425825311 0.22325590486674332 0.9881201277475928 0.2221999162220849 0.9857441532971113 0.2221999162220849 0.9794082214291607 0.2264238708007186 0.965152374726272 0.23275980266866916 0.960400425825309 0.24015172318127814 0.9556484769243461 0.2517675982725208 0.9540644939573585 0.26866341658705567 0.9548564854408523 0.27922330303363996 0.9635683917592843 0.29928708728215003 0.978616229945667 0.29823109863749164 0.9817841958796422 0.2971751099928332 0.9849521618136176 0.2940071440588579 0.9920800851650619 0.29823109863749164 0.9996936274509803 0.30667900779475904
122 0.9354450938764551 0.6556453529328632 0.9435592064728674 0.6542028440268343 0.9397726205945417 0.5755861086482614 0.9305766263186076 0.5755861086482614
78 0.7753578994054197 0.5237392389596705 0.7721065645308242 0.47063410267461103 0.8216894213684052 0.46521521121695186 0.8229086719463784 0.5210297932308409
78 0.7558498901578469 0.5779281535362616 0.7538178058612246 0.5367445784580522 0.7855183208885305 0.5340351327292228 0.787956822044477 0.5800957101193254
78 0.7895824894817748 0.5784700426820276 0.788769655763126 0.5340351327292228 0.8062455807140766 0.5318675761461591 0.8070584144327254 0.5790119318277935
104 0.8212830045090806 0.6245306200721301 0.8082776650106989 0.5540850311225615 0.8647696084567952 0.5546269202683274 0.8566412712703065 0.6250725092178959
122 0.8546380492850648 0.652659433974301 0.8468791819706891 0.6531520604704519 0.8446623627380105 0.5758097005747718 0.8520517601802728 0.5748244475824701
85 0.7759409665249697 0.6482257955089437 0.7689210389548204 0.6487184220050944 0.7596842921519924 0.5782728330555259 0.7670736895942548 0.5763023270709225
83 0.7257030415900987 0.413486125822211 0.7306325496623279 0.41171655882192354 0.7312013390552775 0.4071662436783274 0.7357516541988738 0.4066606531068167 0.7365100400561398 0.4157612833940091 0.7440938986288002 0.4187948268230733 0.7440938986288002 0.4276426618245104 0.7361308471275068 0.42865384296753173 0.7359412506631904 0.4354793156829261 0.729494970876429 0.4395240402550117 0.727978199161897 0.42840104768177645
30 0.7288774950618904 0.5595635181798495 0.7288774950618904 0.5576169944795334 0.7299202756156311 0.5559485455935481 0.7301288317263792 0.5556704707792172 0.7301288317263792 0.5531677974502393 0.7309630561693718 0.5520554981929158 0.7326315050553572 0.5523335730072466 0.7340913978305943 0.5559485455935481 0.736385515048824 0.5587292937368569 0.7361769589380759 0.5612319670658348 0.7342999539413424 0.5634565655804818 0.7330486172768534 0.5637346403948127 0.7309630561693718 0.5626223411374892
108 0.7059363228795927 0.5662373137237907 0.7107331134268003 0.5617881166944966 0.7149042356417636 0.5601196678085112 0.7249149289576752 0.5595635181798495 0.7280432706188976 0.5595635181798495 0.7320058367231127 0.5598415929941805 0.7340913978305943 0.5631784907661509 0.7359684028273278 0.5695742114957612 0.7349256222735869 0.5756918574110406 0.7305459439478755 0.5787506803686803 0.7259577095114161 0.5823656529549817 0.7217865872964528 0.5829218025836435 0.7169897967492451 0.5831998773979743 0.7115673378697931 0.5831998773979743 0.7071876595440816 0.5823656529549817 0.7061448789903408 0.5737453337107243 0.7055192106580964 0.5684619122384377
108 0.754559305335188 0.5646679693092532 0.7540385631959545 0.5626163639491467 0.7509844428011953 0.5620661915088274 0.742850754482017 0.5615100418801657 0.738888188377802 0.5615100418801657 0.7357598467165796 0.5615100418801657 0.7332571733876017 0.5634565655804818 0.7297117195048829 0.5687399870527686 0.7276261583974013 0.5720768848247392 0.7253320411791715 0.5759699322253714 0.7247063728469271 0.5790287551830111 0.7251234850684234 0.5831998773979743 0.7270004900651569 0.5854244759126214 0.7311716122801201 0.5865367751699448 0.7382625200455575 0.5868148499842758 0.7447277594787505 0.5865367751699448 0.7468133205862321 0.5857025507269523 0.7484817694722173 0.5845902514696287 0.750016450392363 0.5793963276797144 0.7541127844624177 0.5779164559256875 0.7543238563602466 0.572202336507381 0.7544415808477173 0.5660806631589023
30 0.5045748108569819 0.5942720368413986 0.5011336350296371 0.6046720348973735 0.5006748115859913 0.6077308578550132 0.503198340526044 0.6117073276999448 0.5018218701951062 0.6129308568830006 0.4972336357586466 0.609260269333833 0.4963159888713547 0.6052837994889014 0.5002159881423454 0.5942720368413986 0.4999865764205223 0.5915190961795228 0.49792187092411555 0.5841779210811877 0.49792187092411555 0.5835661564896597 0.4974630474804696 0.5734720407294488 0.5013630467514602 0.5667426302226414 0.502280693638752 0.5652132187438216 0.503427752247867 0.561848513490418 0.503427752247867 0.5597073374200702 0.503886575691513 0.5566485144624305 0.5054924577442738 0.5557308675751386 0.5077865749625035 0.5554249852793746 0.5093924570152644 0.5572602790539585 0.5100806921807333 0.561542631194654 0.5098512804589103 0.5642955718565297 0.5100806921807333 0.5676602771099333 0.5116865742334942 0.571024982363337 0.513292456286255 0.5746955699125047 0.5139806914517239 0.5771426282786163 0.5155865735044847 0.5786720397574362 0.5160453969481307 0.5798955689404921 0.5160453969481307 0.580813215827784 0.5160453969481307 0.5814249804193119 0.5142101031735469 0.581119098123548 0.5109983390680252 0.5798955689404921 0.5089336335716184 0.5826485096023678 0.5087042218497955 0.5860132148557714 0.5091630452934414 0.590907331587995 0.5109983390680252 0.5970249775032743 0.513292456286255 0.6031426234185537 0.5148983383390158 0.6043661526016095 0.5176512790008916 0.6058955640804294 0.5176512790008916 0.6077308578550132 0.5165042203917767 0.6098720339253609 0.5146689266171928 0.6107896808126528 0.513063044564432 0.6098720339253609 0.5109983390680252 0.6055896817846654 0.5093924570152644 0.6022249765312617 0.5073277515188576 0.5985543889820942 0.5066395163533887 0.5967190952075103 0.5064101046315657 0.5961073306159824
122 0.004101044260556452 0.6525893226170715 0.007154514278020266 0.6468895119178057 0.011429372302469605 0.6456681239108202 0.014482842319933421 0.6513679346100859 0.014788189321679801 0.653810710624057
122 0.052825031302123994 0.6574748746450135 0.05526780731609504 0.6529964519527334 0.060764053347529906 0.6505536759387623 0.06229078835626181 0.6501465466031005 0.06534425837372564 0.6517750639457478 0.0674816873859503 0.6562534866380281 0.0674816873859503 0.65666061597369 0.06015335934403714 0.6582891333163373 0.0543517663108559 0.6582891333163373
94 0.17329441414478466 0.5692048009243913 0.17366789059710663 0.5644740991949797 0.1766557022156824 0.5634781619887878 0.18095068141738502 0.5634781619887878 0.18207111077435092 0.5647230834965277 0.18431196948828274 0.5657190207027195 0.18431196948828274 0.5692048009243913 0.18300480190515586 0.572441596844515 0.181324157869707 0.5741844869553508 0.18225784900051192 0.5746824555584468 0.18412523126212177 0.5751804241615427 0.18431196948828274 0.5779192514785705 0.18319154013131683 0.5814050317002423 0.18225784900051192 0.5831479218110781 0.18225784900051192 0.5861357334296539 0.18412523126212177 0.5861357334296539 0.18468544594060468 0.5883765921435857 0.18487218416676568 0.5913644037621615 0.1835650165836388 0.5928583095714492 0.17908329915577517 0.5918623723652573 0.17497505818023354 0.584641827620366 0.17385462882326763 0.5754294084630908
122 0.05096467415928399 0.6920640130217739 0.05409408397608212 0.6843149982373213 0.0585646694286509 0.6813346079356088 0.06124702070019216 0.6807385298752664 0.06482348906224718 0.6801424518149238 0.06974113306007283 0.6861032324183489 0.07063525015058658 0.6890836227200614 0.06750584033378844 0.6908718569010889
122 0.23954744045835177 0.668758504895815 0.22366939636753996 0.6720155395811097 0.22580682537976463 0.666315728881844 0.22947098940072122 0.6610230475182399 0.23191376541469225 0.6598016595112545 0.2361886234391416 0.6626515648608874 0.23832605245136626 0.6655014702105203
122 0.24199021647232286 0.671201280909786 0.24351695148105476 0.6634658235322111 0.2474864625037577 0.6614301768539018 0.25084527952296787 0.6622444355252256 0.2542040965421781 0.666315728881844 0.25481479054567086 0.6675371168888294 0.2535934025386853 0.6707941515741243 0.24870785051074323 0.6736440569237571 0.24565438049327942 0.6736440569237571
122 0.24687576850026494 0.6826009023083176 0.24840250350899684 0.67649396227339 0.2535934025386853 0.6720155395811097 0.2572575665596419 0.6703870222384624 0.2633645065945695 0.6736440569237571 0.2658072826085406 0.67649396227339 0.2667233236137797 0.6805652556300085 0.2667233236137797 0.6805652556300085 0.25573083155091003 0.6838222903153032 0.25023458551947514 0.6834151609796413
122 0.23863139945311262 0.6956290410494965 0.24382229848280113 0.6862650663292742 0.249318544514236 0.6838222903153032 0.25481479054567086 0.684229419650965 0.2590896485701202 0.6874864543362597 0.2603110365771057 0.6915577476928781 0.2606163835788521 0.6927791356998637 0.2606163835788521 0.6935933943711874 0.2590896485701202 0.6948147823781728 0.25145597352646065 0.6964432997208203 0.24382229848280113 0.697257558392144 0.24046348146359095 0.697257558392144
122 0.20565392326450346 0.7167997665039124 0.20779135227672813 0.7106928264689847 0.21023412829069918 0.7054001451053807 0.21420363931340214 0.702143110420086 0.21969988534483698 0.7009217224131005 0.22611217238151102 0.7009217224131005 0.23008168340421395 0.7041787570983953 0.2328298064199314 0.7106928264689847 0.2328298064199314 0.715171249161265 0.22977633640246758 0.7167997665039124 0.22122662035356888 0.7172068958395741 0.20901274028371364 0.717614025175236 0.20748600527498173 0.717614025175236
122 0.14373491500248714 0.7454415447738577 0.14619373700139998 0.7349505709118298 0.15209490979879076 0.7310164557135692 0.16094666899487695 0.7270823405153086 0.17274901458965847 0.7303607698471923 0.17717489418770155 0.7369176285109599 0.17717489418770155 0.7408517437092204 0.17619136538813643 0.7447858589074808 0.16291372659400719 0.7447858589074808 0.15406196739792102 0.7460972306402344 0.1471772658009651 0.7474086023729879
122 0.025232801307447233 0.7886643961651675 0.029560328025533798 0.7735180526518645 0.03442879558338119 0.7691905259337779 0.040379144820750223 0.7663055081217202 0.050657020776205826 0.7655842536687057 0.05660737001357486 0.7655842536687057 0.06634430512926963 0.7735180526518645 0.06742618680879127 0.7807305971820088 0.06634430512926963 0.787943141712153 0.0576892516930965 0.7908281595242107 0.037324917943496655 0.7908281595242107 0.03137456870612762 0.7908281595242107
69 0.08473666904803026 0.6977579553207485 0.132095989018894 0.6905924790131001 0.14452361198997174 0.6955187439746084 0.09884370052871308 0.7040277470899409
97 0.07056617617906118 0.6012400207759985 0.073619646196525 0.5986491977308777 0.07722829258080041 0.5993894328866265 0.08000417441485842 0.6119734305343562 0.08028176259826421 0.6260378984935834 0.07944899804804681 0.6338103676289458 0.076395528030583 0.6375115434076898 0.06973341162884378 0.6341804852068202 0.06917823526203218 0.6278884863829555 0.06945582344543798 0.6186355469360953 0.07001099981224958 0.6082722547556122 0.07028858799565539 0.6042009613989937
85 0.07167652891268439 0.6686014199491396 0.07223170527949599 0.6101228426449842 0.07528517529695979 0.6097527250671098 0.0744524107467424 0.6693416551048884
85 0.1671102030171956 0.6779234633791806 0.16552622005020795 0.4128703135699162 0.17661410081912143 0.41181432492525777 0.17423812636863997 0.6800354406684974
92 0.17510211707790596 0.41835970908636383 0.19866550005788727 0.4270868879678384 0.19408373114511313 0.43843222051375524 0.19801096164177673 0.4506502709478197 0.19473826956122373 0.46112288560558923 0.19932003847399787 0.47072278237521126 0.19212011589678135 0.48381355069742304 0.18033842440679068 0.48904985802630785 0.17575665549401656 0.4899225759144553
92 0.1679021945006894 0.48730442225001286 0.1672476560845788 0.4183597090863636 0.1410661194401551 0.42708688796783817 0.150884195681814 0.43668678473746025 0.150884195681814 0.44192309206634495 0.14172065785626567 0.4454139636189348 0.14302973468848687 0.45501386038855685 0.14892058043348222 0.4593774498292942 0.14892058043348222 0.46286832138188394 0.14302973468848687 0.4663591929344738 0.14368427310459747 0.47595908970409584 0.15350234934625637 0.4811953970329806 0.1587386566751411 0.48468626858557046
64 0.6782603836752824 0.5938791098145138 0.6742298032522301 0.5952226366221979 0.6692403823526105 0.5462470869402102 0.6696874408978676 0.5247882767678802 0.6692403823526105 0.5146549497420576 0.6656639139905556 0.5104824033196601 0.6598521529022162 0.5080980910782901 0.6509109819970788 0.5075020130179476 0.6509109819970788 0.5075020130179476 0.6437580452729686 0.5027333885352075 0.6406286354561705 0.49617652987144006 0.6366051085488587 0.47948634418185 0.6339227572773174 0.45802753400952 0.6334756987320604 0.45445106564746496 0.6267698205532074 0.4478942069836975 0.6155933569217855 0.4401451921992449 0.6138051227407579 0.4401451921992449 0.6088874787429323 0.4431255825009574 0.6084404201976754 0.45504714370780747 0.6053110103808773 0.47173732939739754 0.5972639565662535 0.47889026612150754 0.5963698394757397 0.48842751508698756 0.5881870319377214 0.49840008302521227 0.5905580783874004 0.5015412324145225 0.5822323050815538 0.5067808097116704 0.5832247595575817 0.523101172206352 0.57925494165347 0.5332462624057487 0.5807227903917491 0.5355176818540452 0.5789345562107215 0.5486313991815802 0.5771463220296941 0.5539961017246627 0.5762522049391804 0.5593608042677451 0.5731227951223822 0.5599568823280877 0.5677580925792998 0.5390941502161002 0.5574757460383915 0.5265765109489077 0.5521110434953089 0.5170392619834276 0.5664169169435289 0.4955804518110976 0.5677580925792995 0.4937922176300701 0.5655227998530152 0.48723535896630255 0.5588169216741621 0.47948634418185 0.5427228140449146 0.47590987581979505 0.5351228187755475 0.463988314612945 0.5310992918682356 0.4514706753457524 0.5319934089587494 0.4401451921992449 0.5355698773208044 0.4359726457768474 0.5418286969544007 0.4264353968113674 0.5422757554996576 0.41630206978554485 0.5467463409522263 0.4104008969881541 0.5585486865470078 0.41105658285453084 0.5614992729457032 0.41367932632003784 0.5659251525437463 0.41367932632003784 0.5703510321417894 0.4123679545872843 0.5796945557376582 0.4123679545872843 0.5860874929348314 0.41367932632003784 0.5885463149337443 0.4123679545872843 0.5949392521309176 0.40646678178989354 0.6047745401265688 0.394664436195112 0.6096921841243945 0.394664436195112 0.6219862941189586 0.3894189492640981 0.6283792313161319 0.38286209060033055 0.6283792313161319 0.3815507188675771 0.6190357077202632 0.3723711167383026 0.6151015925220027 0.3579460276780141 0.6131345349228724 0.3494221114151163 0.6111674773237422 0.3297515354238138 0.6126427705230899 0.3231946767600463 0.6165768857213504 0.3192605615617858 0.624936880517654 0.3153264463635253 0.6308380533150446 0.31991624742816255 0.6347721685133053 0.3172935039626556 0.6401815769109135 0.3094252735661346 0.65296745130526 0.30155704316961357 0.6559180377039556 0.3002456714368601 0.6647697969000417 0.2976229279713531 0.671162734097215 0.2923774410403391 0.6800144932933011 0.2858205823765716 0.6942756608869954 0.2884433258420786 0.7055862420819944 0.2963115562385996 0.7119791792791678 0.30090135730323686 0.7218144672748191 0.3028684149023671 0.7301744620711227 0.3028684149023671 0.7336168128696006 0.30417978663512063 0.744435629664817 0.3015570431696136 0.7518120956615555 0.30024567143686015 0.764597970055902 0.30024567143686015 0.76804032085438 0.30483547250149734 0.7842685460472046 0.3015570431696136 0.7896779544448128 0.30024567143686015 0.7985297136408989 0.3081139018333811 0.7945955984426385 0.31729350396265565 0.7832850172476394 0.32778447782468373 0.7655814988554672 0.3422095668849722 0.7586967972585114 0.355978970078884 0.7606638548576415 0.3592573994107678 0.7670567920548149 0.3684370015400423 0.771482671652858 0.37892797540207035 0.7660732632552498 0.3920416927296053 0.7552544464600334 0.3966314937942426 0.7508285668619904 0.4025326665916334 0.7459109228641646 0.40843383938902417 0.7400097500667738 0.4104008969881544 0.737550928067861 0.4123679545872847 0.7355838704687307 0.4156463839191684 0.7380426924676436 0.4208918708501824 0.7405015144665565 0.42482598604844296 0.7454191584643821 0.435316959910471 0.7385344568674261 0.4543318500353968 0.7336168128696006 0.4595773369664108 0.7168968232769933 0.47269105429394576 0.7168968232769933 0.47465811189307616 0.7262403468728621 0.4864604574878576 0.7311579908706878 0.49432868788437867 0.7331250484698181 0.5028526041472764 0.7144380012780807 0.5100651486774207 0.7109956504796026 0.5159663214748114 0.7109956504796026 0.5159663214748114 0.7119791792791678 0.5258016094704626 0.7080450640809073 0.5323584681342303 0.7021438912835165 0.5369482691988675 0.7001768336843863 0.5376039550652443 0.6893580168891698 0.538259640931621 0.6844403728913442 0.5389153267979978 0.6809980220928662 0.5441608137290117 0.6785392000939535 0.5507176723927792 0.6775556712943882 0.5618643321211841
91 0.17052034816513179 0.49777703690778224 0.15612050301069874 0.503013344236667 0.14630242676903982 0.5099950873418467 0.14761150360126102 0.5195949841114688 0.15612050301069874 0.5274494451047959 0.1665931176684682 0.5300675987692383 0.17117488658124239 0.5326857524336807
100 0.18192640520737755 0.6100787844595239 0.16772812685464156 0.6113134173597617 0.16618483572934417 0.6096672401594445 0.16541319016669548 0.5701589873518313 0.16695648129199286 0.5678954937013952 0.18022878496955042 0.5681012658514348 0.182235063432437 0.5699532152017918 0.18316103810761547 0.6086383794092464
85 0.2379378050245229 0.6854113828594857 0.2327014976956381 0.6007577477091823 0.24055595868896526 0.5990123119328874 0.24448318918562884 0.6836659470831907
100 0.24775588126618178 0.6304301559061958 0.23859234344063351 0.6251938485773112 0.2261561135345322 0.6086122087025094 0.22484703670231107 0.586794261498823 0.2333560361117487 0.5702126216240212 0.2353196513600805 0.5693399037358738 0.23924688185674411 0.5728307752884636 0.24317411235340763 0.5876669793869703 0.24644680443396058 0.6016304655973298 0.24841041968229238 0.6155939518076892 0.24841041968229238 0.6243211306891636
83 0.6496475036763776 0.508244966285307 0.6496475036763776 0.5176089410055293 0.5830818572956664 0.5167946823342058 0.5833872042974129 0.5053950609356742
80 0.5638449961856444 0.4931811808658189 0.5959064313690146 0.4907384048518479 0.597127819376 0.5363368904459741 0.5641503431873909 0.5363368904459741
122 0.566227717003563 0.5663569518816752 0.5683644164511571 0.5627483039257387 0.5707860091584303 0.5614188020472357 0.5719255821971471 0.5612288732074496 0.5747745147939392 0.5648375211633861 0.575201854683458 0.5682562402795366 0.5757716412028163 0.5703454575171841 0.5764838743520143 0.5720548170752593 0.576626320981854 0.5722447459150455 0.5776234473907311 0.5743339631526928 0.5781932339100896 0.5747138208322652 0.5787630204294479 0.5730044612741899 0.5790479136891272 0.5699655998376117 0.5799025934681648 0.5640778058042416 0.5808997198770419 0.5621785174063803 0.5818968462859192 0.5627483039257387 0.5826090794351172 0.5661670230418892 0.5826090794351172 0.5726246035946176 0.5828939726947964 0.5802217571860631 0.583036419324636 0.5891484126560114 0.5827515260649568 0.5929469894517341 0.5810421665068816 0.5933268471313063 0.5753443013132976 0.5921872740925895 0.5720680288269867 0.591427558733445 0.5689342029705156 0.5900980568549421 0.5672248434124403 0.5847800493409303 0.5666550568930818 0.5792721129871323 0.5659428237438838 0.5737641766333346
85 0.5825404511306655 0.5968770104227575 0.5858210387527341 0.5968770104227575 0.584811627176713 0.49425350019394637 0.5810263337666339 0.49458997071928673
85 0.5704275122184125 0.5948581872707155 0.5696704535363967 0.49627232334598864 0.5732033940524704 0.49627232334598864 0.5734557469464757 0.5948581872707155
85 0.6290584870341877 0.5916450550371073 0.6256996700149775 0.5012623425201786 0.629363834035934 0.500448083848855 0.6308905690446659 0.5924593137084311
92 0.6290584870341877 0.5032979891984879 0.6336386920603834 0.5041122478698115 0.6336386920603834 0.5098120585690773 0.6336386920603834 0.5151047399326812 0.6336386920603834 0.5203974212962852 0.629363834035934 0.5212116799676089
91 0.6284477930306949 0.5338326893731259 0.6360814680743544 0.5358683360514351 0.6360814680743544 0.5399396294080535 0.6327226510551442 0.5427895347576864 0.6305852220429196 0.5436037934290101 0.6287531400324413 0.5370897240584206
100 0.6305852220429196 0.5334255600374641 0.6238675880044993 0.5338326893731259 0.6192873829783035 0.5293542666808457 0.6186766889748107 0.5228401973102562 0.6189820359765571 0.5175475159466524 0.6211194649887818 0.5138833519256957 0.6256996700149775 0.5110334465760629 0.6290584870341877 0.5110334465760629 0.6324173040533978 0.513069093254372 0.6354707740708616 0.5208045506319471 0.6354707740708616 0.5265043613312128 0.633333345058637 0.5309827840234931 0.6315012630481587 0.5346469480444497 0.6311959160464123 0.5350540773801115
30 0.7013946932988004 0.5583588323821467 0.7020203616310451 0.5550219346101761 0.7036888105170302 0.5539096353528525 0.7053572594030154 0.5547438597958453 0.7053572594030154 0.5580807575678157 0.7053572594030154 0.5583588323821467 0.7068171521782527 0.5603053560824628 0.7078599327319935 0.5647545531117569 0.7080069312396168 0.5680410683217494 0.7073801660683225 0.57159273762575 0.7076935486539696 0.5774425458911631 0.7065967096042047 0.5793228414050458 0.7040896489190277 0.5797406848525752 0.7025227359907922 0.5793228414050458 0.7025227359907922 0.5722195027970443 0.7015825882338508 0.5659518510841018 0.7014258969410272 0.5634447903989249
85 0.708153855146253 0.6073143778913546 0.7074820917424111 0.5737262076992526 0.7115126721654631 0.5737262076992526 0.7131920806750682 0.6068665356221266
85 0.6997568125982274 0.6413503903526844 0.7047950381270428 0.6409025480834565 0.6970697589828594 0.4671397476229827 0.6930391785598071 0.4671397476229827
100 0.6994209308963065 0.4783358043536834 0.6957262321751753 0.48147070023827954 0.690352124944439 0.48147070023827954 0.6853138994156237 0.47475306619985913 0.6839703726079396 0.46221348266147444 0.6839703726079396 0.4554958486230541 0.6869933079252288 0.44385194962312546 0.6916956517521231 0.4411648960077572 0.6970697589828594 0.4402692114693012 0.7027797479155167 0.4442997918923534 0.7054668015308848 0.45056958366154576 0.7064744466366478 0.45907858677687824 0.7061385649347268 0.4657962208152986 0.7047950381270428 0.47161817031526293 0.7024438662135956 0.4760965930075432 0.7007644577039907 0.47878364662291134
100 0.6869933079252288 0.4899797033536119 0.6869933079252288 0.47923148889213935 0.7037873930212797 0.47788796208445533 0.7037873930212797 0.48953186108438396
85 0.6644892338965206 0.6014924283913902 0.6638174704926785 0.5835787376222692 0.6607945351753894 0.5670085736608322 0.6597868900696262 0.5522297787763074 0.6601227717715473 0.5468556715455711 0.6618021802811525 0.5419294065840629 0.6618021802811525 0.5316290343918183 0.6621380619830733 0.527150611699538 0.6624739436849945 0.5172980817765215 0.6624739436849945 0.5105804477381011 0.6621380619830733 0.48684480746901576 0.6594510083677052 0.3892151927773064 0.6591151266657843 0.36413602570053694 0.6513898475216008 0.3560748648544324 0.6446034938378812 0.35517511920002104 0.6440566869640365 0.34642620921850753 0.6574534553732291 0.3500715883774715 0.6568508580968385 0.3336420519354458 0.6538756834781541 0.32412149315565536 0.6465173178963372 0.31689863803089946 0.6449501596221006 0.3193612137657601 0.6449501596221006 0.3304685323421823 0.6407849151559422 0.3304685323421823 0.636024635766047 0.3265016328506029 0.6330494611473625 0.3161876941724966 0.6429630732163474 0.30669157638580036 0.6558130347516954 0.31653410011500305 0.6598260327155231 0.3344354318337615 0.6628012073342076 0.3415758509186044 0.6675614867241028 0.3423692308169202 0.6729168010377349 0.3415758509186044 0.6776770804276302 0.34078247102028847 0.6837001853177697 0.3427808300595436 0.6856140093762257 0.3500715883774715 0.6854125344362099 0.35823682878323765 0.6836274296649991 0.3598235885798694 0.6787789234531684 0.3489779746297823 0.6730374512778 0.3500715883774715 0.6686629962870433 0.3577268846112958 0.6657763819528921 0.3756911865461867 0.6657763819528921 0.3844183654276613 0.6693465914953135 0.404252862885558 0.6693465914953135 0.416946941258612 0.6687515565715767 0.42170722064850724 0.6705366613427873 0.512945908954832 0.6729168010377349 0.5280201270228336 0.6711316962665242 0.5438877249891511 0.6735118359614718 0.5526149038706256 0.6747019058089456 0.5589619430571525 0.6741068708852088 0.581176580209997 0.6729168010377349 0.5891103791931557 0.6723217661139981 0.5978375580746301 0.6729168010377349 0.6041845972611571
100 0.6880009530309918 0.5034149714304527 0.688336834732913 0.49042754562284 0.7054668015308848 0.48908401881515595 0.7054668015308848 0.5016236023535405
122 0.654076901136969 0.6256759109297035 0.654076901136969 0.600148901583706 0.6792680287810454 0.6005967438529342 0.6812833189925714 0.6279151222758437
84 0.6406005238268667 0.3248940103218591 0.6365363552336223 0.33464801494564556 0.6340978540776758 0.343860130423666 0.636129938374298 0.35144657846438876 0.6365363552336223 0.355781691630516 0.6397876901082177 0.3590330265051115 0.6454775261387599 0.355781691630516 0.647509610435382 0.349820911027091 0.647509610435382 0.3449439087151978 0.6454775261387599 0.33356423665411367 0.6434454418421376 0.32814534519645455
84 0.6422261912641644 0.3666194745458342 0.6385684395302446 0.3687870311288979 0.6369427720929468 0.3763734791696206 0.6357235215149735 0.3812504814815138 0.6357235215149735 0.38721126208493883 0.6377556058115956 0.39425582097989564 0.6389748563895689 0.39696526670872523 0.6438518587014621 0.3985909341460229 0.6479160272947065 0.39425582097989564 0.6499481115913287 0.38504370550187517 0.6491352778726797 0.37962481404421605 0.6446646924201109 0.36987080942042966
84 0.6812422097593098 0.355781691630516 0.6767716243067411 0.3660775854000683 0.6743331231507945 0.37312214429502516 0.6743331231507945 0.374205922586557 0.6767716243067411 0.3812504814815138 0.6783972917440388 0.386127483793407 0.680429376040661 0.38883692952223653 0.6840871277745809 0.38883692952223653 0.6865256289305276 0.38504370550187517 0.6885577132271496 0.37528970087808877 0.6889641300864742 0.374205922586557 0.6848999614932297 0.36011680479664326 0.6836807109152565 0.3563235807762819
99 0.6450711092794355 0.44085828751576384 0.6442582755607864 0.42622728058008436 0.6743331231507945 0.4202664999766594 0.680429376040661 0.42731105887161613 0.6771780411660656 0.4365231743496366
99 0.6454775261387599 0.4652432990752299 0.6450711092794355 0.4446515115361253 0.6739267062914701 0.43814884178693436 0.6812422097593098 0.4484447355564867 0.6743331231507945 0.4603662967633367
99 0.6466967767167331 0.4847513083228027 0.6458839429980843 0.46686896651252763 0.6751459568694435 0.46199196420063443 0.6820550434779588 0.47228785797018674 0.6751459568694435 0.4814999734482072
85 0.7031704468738854 0.6410258849374727 0.7016925673854331 0.5824033318955242 0.708343025083469 0.5828959583916751 0.7098209045719216 0.645952149898981 0.7028009770017722 0.6464447763951318
30 0.6850664231403425 0.5567867540956811 0.6843274833961163 0.5503826096457205 0.6843274833961163 0.5469342241726647 0.6843274833961163 0.5434858386996089 0.6876527122451342 0.5415153327150055 0.6917168808383787 0.5425005857073072 0.6943031699431705 0.5454563446842122 0.6950421096873968 0.5508752361418712 0.6950421096873968 0.5558015011033796 0.6954115795595098 0.5617130190571894 0.6972589289200755 0.5725508019725076 0.6943031699431705 0.5893001028416358 0.6924558205826049 0.594718994299295 0.6909779410941523 0.600137885756954 0.6909779410941523 0.6085125361915181 0.6924558205826049 0.6188576926106854 0.6946726398152836 0.6301881020221546 0.6817411942913244 0.6306807285183053 0.6854358930124556 0.6237839575721936 0.6850664231403425 0.611468295168423 0.6846969532682293 0.606049403710764 0.6835885436518899 0.597182126780049 0.6817411942913244 0.5868369703608817 0.6802633148028718 0.5819107053993734 0.6810022545470981 0.5774770669340159 0.6798938449307588 0.574521307957111 0.6776770256980801 0.5725508019725076 0.6765686160817407 0.5700876694917535 0.6761991462096276 0.5691024164994519 0.6769380859538539 0.5646687780340944 0.680632784674985 0.5622056455533403
85 0.6477499660569174 0.6149166806414789 0.6462720865684648 0.5740286814609602 0.6507057250338223 0.5735360549648093 0.6521836045222748 0.6154093071376296
85 0.6514446647780485 0.6395480054490201 0.6514446647780485 0.5819107053993734 0.6577256526039715 0.5814180789032226 0.6577256526039715 0.6405332584413218
85 0.6370353397656368 0.6070346567030656 0.6359269301492975 0.574521307957111 0.6396216288704286 0.5740286814609602 0.640730038486768 0.6075272831992165
30 0.6152366173109627 0.5567867540956811 0.6137587378225102 0.5513678626380222 0.613019798078284 0.5464415976765138 0.6144976775667365 0.5439784651957597 0.6181923762878676 0.5425005857073072 0.6200397256484332 0.5434858386996089 0.6229954846253382 0.5489047301572679 0.6241038942416776 0.5553088746072288 0.6266901833464695 0.5558015011033796 0.63149329168394 0.5607277660648878 0.631862761556053 0.5676245370109994 0.6329711711723924 0.5735360549648093 0.6303848820676007 0.574521307957111 0.6289070025791481 0.5789549464224685 0.6300154121954875 0.5853590908724292 0.6300154121954875 0.6011231387492557 0.6292764724512612 0.6129461746568755 0.6300154121954875 0.6292028490298529 0.6270596532185826 0.6301881020221546 0.6241038942416776 0.6247692105644953 0.6237344243695645 0.6227987045798921 0.6233649544974513 0.6119609216645738 0.6233649544974513 0.600137885756954 0.6229954846253382 0.5961968737877473 0.6211481352647726 0.6163945601299312 0.6207786653926595 0.628710222533702 0.6189313160320938 0.6296954755260036 0.6152366173109627 0.6203355720991379 0.6137587378225102 0.6035862712300099 0.6137587378225102 0.588807476345485 0.6137587378225102 0.5843738378801275 0.6137587378225102 0.5824033318955242 0.6111724487177184 0.5789549464224685 0.6093250993571527 0.5774770669340159 0.6082166897408133 0.5730434284686585 0.6082166897408133 0.5671319105148487 0.6085861596129266 0.563190898545642 0.613019798078284 0.5577720070879829
85 0.6108029788456052 0.6365922464721152 0.616345026927302 0.6365922464721152 0.6148671474388496 0.5824033318955242 0.6096945692292659 0.5819107053993734
85 0.5897431961351574 0.6223060780837412 0.5878958467745917 0.5759991874455634 0.5934378948562886 0.5759991874455634 0.5956547140889673 0.623291331076043
85 0.5668360640641439 0.6262470900529479 0.5653581845756914 0.5804328259109209 0.5709002326573882 0.5804328259109209 0.5720086422737276 0.6262470900529479
85 0.5738559916342932 0.6311733550144561 0.5720086422737276 0.57994019941477 0.5768117506111982 0.5794475729186193 0.57939803971599 0.6326512345029087
85 0.5413426428883387 0.6292028490298529 0.5406037031441123 0.5784623199263176 0.5465152210979223 0.5784623199263176 0.5476236307142617 0.6301881020221546
85 0.5513183294353928 0.6321586080067577 0.5564909076449766 0.6316659815106069 0.5531656787959585 0.46712873179623066 0.5491015102027141 0.46565085230777814 0.5513183294353928 0.5853590908724292
92 0.5513183294353928 0.4686066112846831 0.5624024255987865 0.4681139847885323 0.5627718954708996 0.5070314779844476 0.5527962089238453 0.5094946104652017
100 0.5531656787959585 0.5075241044805985 0.5465152210979223 0.5109724899536543 0.5431899922489042 0.5168840079074641 0.5442984018652436 0.5247660318458774 0.5468846909700354 0.5291996703112349 0.5542740884122977 0.5306775497996873 0.5590771967497684 0.5247660318458774 0.5590771967497684 0.5163913814113134 0.557968787133429 0.5134356224344084 0.5568603775170896 0.5099872369613526 0.5553824980286372 0.5075241044805985
122 0.5535351486680715 0.5814180789032226 0.5539046185401847 0.560235139568737 0.557968787133429 0.563190898545642 0.5587077268776552 0.5759991874455634 0.5587077268776552 0.57994019941477 0.5550130281565241 0.5809254524070717
84 0.07661045202709246 0.4102106866673175 0.07257280572300807 0.4152577445474229 0.0695445709949448 0.4240059782062725 0.07257280572300807 0.42770715398501646 0.07661045202709246 0.42703421293433574 0.07963868675515576 0.4256883308329743 0.08140515701319266 0.4199683319021881 0.07787221649711884 0.4105471571926579
